Loser,Winner
22,83
39,27
47,105
1,7
45,81
19,77
150,108
155,122
86,136
141,95
94,58
143,138
154,145
79,30
49,76
156,123
112,51
120,137
157,116
89,129
149,146
6,144
60,148
82,118
126,142
85,128
48,152
140,124
98,153
69,50
61,114
5,135
33,121
52,105
109,22
21,36
40,56
73,97
45,92
101,35
62,77
64,78
83,103
67,54
87,133
55,68
26,11
88,25
91,104
23,37
63,134
28,24
70,81
43,132
80,106
119,126
48,87
127,72
150,110
4,120
38,15
16,89
140,41
47,74
19,71
59,65
131,105
52,105
71,53
43,145
131,50
2,84
27,14
113,110
107,111
1,13
21,69
3,139
4,96
93,38
127,121
16,147
39,72
20,130
42,151
90,66
119,135
85,146
12,60
32,156
153,108
31,44
6,82
157,143
106,73
118,83
22,59
4,112
10,137
122,80
12,134
24,29
133,75
61,88
149,95
11,86
154,37
136,52
125,68
78,47
74,19
52,47
68,19
94,101
151,144
15,166
34,159
145,139
138,121
16,152
55,23
87,25
103,26
97,98
160,81
147,115
77,65
92,53
119,105
64,148
65,105
53,148
74,52
68,53
18,140
69,156
128,39
160,153
101,125
98,50
93,147
133,147
78,134
3,120
131,88
42,116
20,82
90,58
163,155
57,107
24,159
113,118
9,135
67,64
92,93
55,89
87,91
46,41
57,102
95,148
122,136
132,109
52,105
142,48
97,130
151,43
84,125
110,73
63,98
2,104
123,111
100,158
17,38
112,21
143,96
80,150
50,113
24,113
103,47
106,68
121,35
25,37
16,28
115,160
157,127
85,11
48,124
119,144
83,59
130,19
133,22
116,100
66,94
78,65
132,19
2,137
15,3
79,87
119,49
142,130
111,78
71,64
72,153
139,54
11,147
14,155
99,36
9,42
27,58
33,123
10,151
51,43
20,60
50,144
145,68
18,84
25,158
102,146
150,96
108,88
93,98
141,131
4,129
122,106
138,90
23,126
66,81
119,128
148,145
8,159
110,120
63,149
30,13
111,153
31,28
6,112
26,82
56,104
46,127
107,134
54,134
97,133
130,62
136,70
34,5
40,3
20,144
71,74
59,52
105,47
19,109
22,65
105,65
53,47
29,154
28,89
132,155
114,23
118,133
136,73
32,116
114,123
66,93
1,14
113,111
127,13
69,42
2,119
3,110
4,39
84,121
16,107
27,72
131,139
21,20
38,135
50,130
151,147
90,96
142,144
105,52
122,141
117,145
5,85
60,148
77,65
23,54
106,55
81,134
88,133
104,11
25,28
67,132
26,24
63,80
37,68
91,70
87,43
126,66
110,64
145,62
13,99
76,119
10,139
8,131
30,130
148,105
47,105
19,148
133,105
78,105
89,142
76,48
136,98
152,141
154,138
95,85
143,145
58,79
49,156
123,148
112,144
129,137
155,86
108,116
126,146
149,150
6,140
94,82
51,122
30,157
118,128
120,124
60,153
43,109
24,74
105,52
7,14
29,42
44,91
132,65
72,146
34,87
17,151
35,77
125,73
62,64
45,78
83,97
103,92
104,126
132,126
113,136
8,107
14,154
134,130
32,110
155,1
58,27
59,83
158,91
56,67
143,88
122,108
31,150
18,70
123,136
87,159
108,81
70,136
159,150
136,81
128,111
110,37
52,105
98,93
157,66
26,51
44,90
40,38
17,6
61,28
21,124
36,151
60,139
79,135
93,124
6,38
2,51
139,151
90,66
28,135
51,38
124,151
66,135
89,72
50,82
33,138
126,115
117,104
3,148
23,118
96,152
43,131
63,130
25,136
81,125
116,68
75,111
107,158
8,42
147,129
57,121
11,114
88,111
42,114
158,129
121,91
111,129
114,91
53,77
106,139
94,90
55,150
76,70
110,144
26,19
22,59
32,49
16,58
100,39
24,155
14,153
120,154
37,39
155,49
80,153
58,154
49,153
39,154
93,156
124,69
132,79
95,35
65,105
116,52
74,65
98,134
41,143
110,102
96,29
29,55
102,143
143,55
60,149
124,156
64,52
145,78
125,73
89,127
141,160
7,27
1,115
85,126
138,72
99,48
137,12
3,15
34,116
9,140
82,144
13,142
128,33
56,104
12,104
25,160
67,48
15,142
116,127
43,144
132,140
72,33
115,54
27,126
104,48
140,33
144,142
126,54
160,127
37,120
48,36
38,151
119,105
94,133
76,84
46,113
86,4
5,152
118,133
113,4
84,68
23,152
68,133
152,4
108,55
21,12
39,129
143,70
13,98
117,95
69,112
10,50
156,148
30,20
50,95
20,112
63,148
148,150
95,112
2,51
19,59
109,47
71,52
105,65
22,74
83,105
111,125
68,101
90,87
64,133
108,153
145,122
137,136
98,150
120,116
112,94
157,49
51,85
30,143
6,79
138,76
89,156
144,146
129,95
140,48
86,148
60,58
82,155
142,124
128,141
118,126
152,149
123,154
62,93
52,105
3,151
131,127
23,104
24,133
55,81
26,91
25,106
67,134
88,37
132,87
28,68
80,43
63,70
54,11
147,86
64,144
41,125
103,146
50,139
59,92
71,130
65,105
65,47
91,125
18,152
49,68
85,101
88,146
7,23
70,136
54,157
38,131
2,110
72,107
84,27
113,139
14,42
93,16
111,39
21,119
4,90
66,121
69,20
3,130
50,151
13,135
1,147
96,127
98,95
112,99
124,144
89,123
143,28
36,26
100,55
103,45
35,64
78,77
62,97
125,92
73,101
67,127
65,53
37,134
120,81
70,58
137,104
166,108
54,44
60,149
96,88
15,145
63,148
47,105
68,133
54,19
5,159
82,130
88,147
27,116
111,107
141,135
67,21
125,78
136,118
48,104
87,43
64,47
77,71
35,59
73,23
96,80
102,25
123,89
67,144
112,62
26,113
109,52
49,129
140,154
160,81
133,135
152,121
66,106
138,157
75,131
99,156
65,105
84,80
116,155
86,11
149,151
119,52
110,105
14,79
27,92
83,101
128,147
69,20
39,42
113,76
24,114
125,87
106,97
2,10
36,61
29,153
43,144
145,156
68,64
88,109
133,77
90,136
139,107
154,159
28,94
86,121
78,111
135,73
52,131
125,121
5,146
12,151
82,48
122,143
88,79
17,130
29,66
31,135
10,38
81,109
3,67
22,64
12,13
25,53
92,52
51,69
140,107
14,148
111,1
28,129
144,112
149,119
76,106
42,120
96,123
113,33
61,24
153,145
127,55
23,105
74,125
133,131
145,139
104,134
88,87
147,139
80,114
151,58
89,106
57,132
47,53
109,97
114,39
43,145
45,153
16,120
148,156
11,150
116,23
65,71
97,64
132,97
72,37
70,119
51,63
126,152
134,59
4,131
133,94
2,93
149,153
125,105
132,47
80,118
19,83
74,83
106,71
16,84
2,143
41,150
22,68
119,109
139,104
25,126
107,96
21,38
137,148
115,141
78,133
59,134
136,128
10,142
64,149
151,23
77,131
89,111
35,124
14,138
117,145
69,63
13,144
50,97
71,103
101,70
73,55
26,127
81,152
143,166
67,65
48,62
32,155
94,134
91,93
138,131
63,132
45,116
85,110
123,146
55,94
39,119
42,140
79,66
126,37
53,47
115,144
30,151
129,81
60,130
152,70
19,103
150,148
67,13
128,141
132,134
71,131
101,68
54,121
99,4
119,138
91,133
64,92
62,78
136,25
93,131
45,68
105,68
77,47
87,139
39,16
103,123
128,106
55,135
50,52
53,52
58,145
108,152
31,154
131,73
122,146
110,150
91,41
143,132
6,67
107,83
145,52
65,64
30,6
7,9
57,102
58,101
86,118
47,53
33,79
15,36
135,29
44,8
94,73
49,5
144,161
147,163
18,83
141,109
119,64
149,68
39,22
132,125
151,105
23,134
148,63
26,78
131,47
64,125
43,53
132,127
114,128
46,155
1,129
152,122
106,134
54,131
111,71
72,78
103,47
23,92
109,59
22,59
52,74
118,67
112,119
50,28
60,56
142,130
145,144
104,124
97,93
100,20
131,146
75,149
138,126
72,133
150,120
142,166
28,146
109,134
66,55
39,69
68,146
97,71
82,130
84,89
107,90
144,143
53,47
117,48
93,35
94,37
95,23
163,157
153,157
141,73
112,63
47,64
68,133
160,155
129,45
148,74
109,106
118,53
70,65
92,77
23,138
38,67
62,130
73,131
148,145
41,102
13,151
96,94
156,149
127,150
105,68
155,81
120,125
122,129
59,78
37,101
153,135
47,53
23,147
132,71
5,154
125,47
108,157
84,157
40,9
155,152
150,136
68,101
16,83
46,49
49,110
53,74
24,79
160,140
66,78
25,118
63,93
131,47
14,52
50,125
121,134
127,139
124,128
97,23
103,35
149,64
65,92
123,106
41,71
132,70
89,61
42,61
100,101
151,105
47,53
16,131
38,110
84,135
39,107
14,3
113,93
4,111
2,42
13,147
151,69
127,119
50,121
20,27
72,139
66,130
1,90
21,96
36,6
29,149
126,133
144,124
22,52
77,83
103,97
35,125
101,62
92,78
45,73
145,47
127,59
140,146
142,82
139,82
109,64
152,71
54,130
20,119
53,131
19,105
108,143
48,142
122,150
149,120
98,141
76,94
157,124
129,138
89,58
85,156
136,112
137,118
146,79
82,144
140,145
128,49
51,123
6,148
116,60
155,126
30,154
95,152
153,86
83,135
48,56
65,74
54,26
106,133
55,43
81,25
104,88
37,67
24,132
28,63
23,80
70,68
87,134
91,11
159,155
71,45
62,78
109,59
44,146
146,127
131,47
120,133
125,65
133,47
136,58
141,119
58,14
143,115
9,94
95,117
112,145
17,124
155,41
57,152
75,154
135,94
115,113
41,111
93,145
117,38
123,154
152,96
69,124
135,47
150,92
100,153
40,6
12,151
15,60
137,30
6,20
60,151
30,50
153,66
150,77
68,110
81,130
138,101
8,126
98,148
102,129
39,126
147,129
21,148
146,145
142,90
109,83
78,131
118,71
51,99
13,156
99,156
74,65
35,25
130,47
96,143
1,154
6,21
165,149
149,166
109,106
32,76
76,90
136,132
3,112
151,144
137,130
128,54
145,139
23,110
69,116
29,138
79,5
27,5
121,138
65,103
40,93
28,4
63,52
45,77
64,97
35,78
92,73
101,125
62,83
131,47
48,36
18,86
122,31
56,144
31,86
36,144
140,141
99,148
17,38
41,70
68,134
94,74
67,130
7,120
72,120
71,52
163,146
125,59
9,17
14,66
2,69
1,131
96,27
135,42
121,93
39,110
3,113
13,4
38,119
130,16
84,72
21,90
151,107
20,50
147,139
127,111
138,23
44,116
76,123
73,126
68,47
56,117
6,137
117,43
140,33
45,120
25,129
86,24
91,153
133,106
18,102
149,166
81,146
31,4
34,85
85,128
77,52
75,101
55,143
95,26
154,113
4,58
8,80
11,89
134,97
62,103
35,53
92,47
131,78
70,83
142,130
115,54
148,67
74,65
71,47
122,156
98,148
136,60
89,150
108,85
58,143
95,138
30,145
112,79
76,137
123,146
86,120
141,116
129,144
149,48
6,51
49,118
142,140
128,157
126,153
155,124
154,94
72,46
56,97
10,62
115,147
22,101
110,103
18,96
32,39
16,5
23,133
81,104
26,88
68,25
54,132
55,37
87,67
91,28
70,80
24,43
11,134
63,106
35,156
31,90
69,82
60,20
30,139
73,59
131,47
135,92
98,17
62,17
150,114
114,107
125,52
111,109
105,134
108,27
111,100
85,157
142,48
89,130
61,75
48,82
20,144
75,80
22,19
94,119
84,79
9,122
6,117
21,149
66,118
139,74
47,68
146,71
7,133
98,63
49,106
23,120
40,36
36,26
39,86
38,112
29,81
33,88
34,87
28,57
61,1
12,104
69,124
95,21
124,21
35,45
97,125
101,78
64,83
103,77
73,62
12,67
37,146
42,155
15,43
110,147
46,102
131,122
2,60
143,111
134,99
25,102
72,76
93,51
28,157
111,157
92,71
69,103
47,65
106,97
120,66
1,94
102,131
13,124
74,64
37,67
9,121
5,73
50,30
73,121
36,2
152,107
79,137
90,76
134,105
68,47
78,59
13,145
61,113
114,78
55,125
119,88
129,149
21,56
130,150
109,52
118,33
38,156
126,33
51,104
116,63
140,146
124,106
15,10
10,67
107,138
5,154
144,82
138,154
59,47
70,13
81,97
134,52
71,64
78,19
131,130
135,110
66,151
2,111
3,107
20,14
96,113
42,147
13,121
127,93
69,27
1,39
38,4
16,139
21,72
90,84
50,119
17,102
68,47
140,49
45,125
73,77
97,35
83,92
64,101
103,78
63,23
37,133
11,55
25,132
70,67
87,24
28,104
81,80
88,91
43,54
26,106
19,93
123,141
79,116
105,71
147,68
8,107
59,74
152,82
86,96
90,129
145,151
20,124
129,96
124,151
52,103
65,47
83,151
101,130
58,110
51,63
50,148
82,148
97,64
162,145
61,44
128,11
88,94
112,104
21,104
134,68
103,47
154,136
129,92
17,144
120,66
111,119
66,119
71,105
155,129
157,110
33,110
74,71
85,127
64,45
68,47
126,135
135,133
154,12
123,136
92,83
138,119
54,119
26,137
30,99
99,137
113,156
145,146
41,90
151,139
27,118
129,106
96,108
130,43
60,139
90,106
14,94
128,127
127,94
105,64
19,83
65,52
7,132
86,89
79,150
85,94
129,157
108,138
95,116
58,124
76,126
120,156
123,141
98,144
149,148
153,140
143,6
122,82
49,137
145,51
118,60
155,136
146,142
30,48
128,154
5,8
47,105
99,40
102,115
53,106
18,84
29,14
44,37
33,24
14,24
27,66
17,36
56,10
73,64
45,97
125,78
92,101
103,62
35,83
46,126
157,138
133,111
88,121
131,87
26,21
34,81
70,146
67,82
82,145
65,77
77,78
30,82
11,58
142,48
64,59
100,155
155,150
166,146
154,55
52,74
1,93
84,39
2,107
14,131
21,111
110,119
3,16
4,42
27,121
66,72
20,13
151,139
130,69
90,135
50,147
127,113
38,96
57,157
112,157
141,149
120,77
40,98
7,102
15,156
51,124
48,43
105,47
83,22
5,117
117,129
64,97
101,59
100,89
34,32
61,115
123,91
114,57
79,143
140,126
26,4
56,153
129,136
75,94
46,41
17,99
122,54
104,13
25,147
24,86
80,128
125,93
130,65
155,23
114,68
53,52
153,65
150,155
33,66
89,113
109,105
118,153
97,64
18,108
3,137
49,110
12,117
119,157
2,98
32,45
42,45
35,103
76,128
102,14
166,136
12,36
112,60
56,142
116,127
120,135
31,46
29,111
124,148
156,58
151,125
30,50
139,144
22,59
54,25
91,81
24,88
28,132
37,106
104,87
67,63
55,80
23,68
26,134
70,133
11,43
82,79
138,146
74,105
44,153
126,155
141,113
92,140
6,38
72,118
19,47
134,62
108,155
94,122
154,48
98,129
136,143
141,144
85,157
58,153
79,120
95,156
128,112
123,137
86,82
30,146
140,89
6,116
49,149
60,51
138,148
145,142
126,150
76,124
54,70
12,151
53,52
14,28
20,67
2,139
105,47
3,36
115,127
43,63
55,106
19,130
16,42
83,45
64,77
35,92
125,62
103,101
73,78
80,22
23,11
117,10
8,74
99,134
69,145
107,146
5,84
71,65
25,87
101,131
153,151
45,54
15,156
84,81
81,122
106,157
149,14
37,96
59,71
55,116
76,87
49,80
107,11
133,80
121,116
11,87
28,73
79,136
33,129
31,157
95,50
40,69
137,145
38,82
93,65
86,23
132,110
23,110
2,77
63,97
147,88
92,47
114,154
53,89
84,90
16,44
151,51
117,139
22,106
91,4
113,127
94,24
127,4
67,43
124,126
122,126
9,138
143,81
4,101
148,130
1,152
13,112
134,105
108,68
118,37
141,146
66,102
45,146
37,119
102,68
10,26
71,47
91,59
62,156
70,150
6,149
88,64
116,58
79,146
155,71
19,74
66,13
21,2
1,110
84,20
113,119
42,90
107,93
69,131
39,127
4,72
121,38
14,16
139,130
3,151
50,135
27,147
96,111
141,157
120,129
137,143
41,109
124,77
153,52
105,47
75,100
95,60
59,125
98,97
32,22
54,133
132,81
23,26
88,55
70,104
25,87
80,67
24,11
63,68
28,106
37,134
43,91
123,128
108,83
93,144
10,149
82,35
94,85
4,89
103,101
146,92
122,11
151,150
45,129
115,132
142,19
102,119
9,120
57,72
77,71
61,113
94,39
106,157
76,78
57,73
10,93
49,153
108,147
107,154
51,27
140,104
155,146
85,55
36,63
156,13
18,110
21,144
91,116
35,130
83,92
101,67
86,38
14,58
59,136
60,151
74,111
32,141
41,122
34,121
46,90
47,71
65,52
1,81
45,132
109,68
24,125
62,134
64,77
52,133
64,105
77,52
130,47
118,89
48,144
98,120
94,141
60,157
152,85
58,138
95,136
49,145
79,142
108,156
123,112
137,148
86,140
122,116
129,124
76,149
126,82
155,51
30,150
128,6
153,146
143,154
7,96
106,65
37,78
67,130
21,134
64,103
92,97
77,101
45,62
83,125
73,35
11,110
63,4
126,98
54,105
8,146
69,145
109,71
59,47
25,22
138,143
135,76
77,47
149,147
146,155
103,28
20,156
106,105
97,50
118,101
90,81
100,113
86,42
73,94
150,145
14,145
34,111
154,23
121,89
83,128
138,27
39,152
153,144
144,131
78,103
54,130
125,59
109,66
127,132
149,38
140,135
77,139
147,71
155,116
65,134
22,105
136,146
52,47
136,146
109,47
125,105
157,113
88,132
14,151
129,150
141,110
51,50
65,71
134,47
64,105
4,87
155,146
91,52
48,93
120,66
112,139
148,82
20,157
157,135
54,55
19,144
44,136
156,98
35,62
125,77
83,101
97,78
73,103
104,149
129,48
121,48
65,138
22,110
152,119
39,146
14,58
126,72
111,147
106,134
64,139
47,65
105,59
43,35
134,77
157,64
71,87
87,64
93,131
110,96
2,27
14,151
84,111
13,139
4,69
1,119
113,38
3,121
16,66
42,72
21,107
20,90
135,39
130,147
50,127
26,19
52,47
23,150
86,78
63,145
149,36
101,68
109,24
24,68
87,132
64,105
144,60
123,146
58,136
96,129
77,65
106,71
137,103
116,78
80,74
83,122
122,74
103,78
156,97
70,154
67,74
71,105
58,108
141,122
136,82
150,155
120,94
98,157
138,79
153,143
145,149
76,129
112,142
116,154
144,86
140,137
6,123
49,95
148,156
146,60
30,118
128,89
85,126
51,152
48,124
73,42
13,139
19,65
92,64
77,105
54,134
28,23
25,55
26,68
133,104
132,37
87,63
24,80
67,91
43,70
11,81
88,106
2,58
96,58
151,137
135,119
27,122
59,110
4,136
110,136
74,109
71,22
47,77
45,97
130,134
106,47
153,119
146,22
22,119
105,64
87,138
71,66
93,98
144,77
145,35
35,77
148,126
39,126
50,137
127,150
76,58
145,130
27,130
89,113
28,110
84,157
121,154
96,153
52,47
92,77
101,97
62,78
103,125
83,73
74,116
16,106
3,43
65,105
103,53
72,110
47,105
71,134
106,77
96,64
68,22
146,81
89,42
113,143
80,83
125,59
64,105
150,55
138,128
38,145
129,111
132,78
85,152
60,139
63,97
104,92
97,92
58,107
1,147
136,101
54,24
36,82
97,47
50,145
110,132
13,95
46,18
9,141
52,125
28,26
70,37
134,151
117,166
63,43
149,130
110,131
146,50
45,143
79,107
139,145
147,122
104,97
128,88
91,106
22,47
101,92
148,77
4,78
35,144
42,52
90,116
152,150
154,58
71,59
81,119
62,59
30,48
47,105
109,65
94,116
137,101
45,64
111,110
3,66
1,72
4,107
113,27
84,42
93,135
90,39
69,119
16,20
38,139
14,130
151,131
13,50
147,121
21,127
2,96
41,29
31,155
6,149
75,49
40,17
82,98
77,62
74,105
55,23
24,81
25,43
132,106
67,26
54,37
28,87
133,80
91,68
104,134
88,70
11,63
90,48
113,78
35,130
52,19
154,92
139,133
125,47
76,108
141,89
122,48
98,118
120,123
157,138
85,79
95,143
58,150
149,156
86,6
124,146
145,144
129,153
140,116
128,82
51,137
112,148
60,155
142,136
30,152
154,49
70,130
26,99
67,134
38,131
131,127
56,15
11,133
45,101
125,64
97,77
35,103
62,92
83,78
119,59
24,115
66,110
55,52
146,116
139,145
92,74
135,139
80,139
100,23
76,33
38,124
1,32
7,8
44,154
128,119
66,143
153,157
114,126
142,148
105,47
134,111
42,136
22,78
113,138
51,145
57,129
81,144
58,116
101,68
106,64
126,94
127,74
54,23
85,132
46,129
146,74
9,55
30,43
77,134
19,105
82,26
158,70
16,131
21,110
1,84
107,20
27,50
113,111
42,96
13,69
124,156
66,38
14,121
39,72
28,3
93,130
148,90
135,127
147,151
101,109
87,25
4,128
18,7
6,60
75,76
41,116
95,139
164,163
149,161
98,145
11,83
52,78
64,119
133,103
37,22
99,89
91,120
36,117
35,144
123,118
159,146
77,47
71,59
125,81
110,154
45,59
47,105
19,151
126,48
152,94
2,146
129,161
89,138
143,122
141,145
95,58
123,79
118,112
60,4
150,116
140,149
158,6
85,82
30,49
159,120
51,136
162,154
157,155
98,142
128,144
137,153
105,59
14,1
90,111
24,23
121,127
72,66
10,69
104,151
12,156
38,17
43,19
134,109
62,97
92,68
83,64
101,103
73,125
26,148
13,140
107,140
71,47
143,119
159,37
11,115
102,81
110,41
27,147
63,67
74,65
151,53
82,50
154,161
130,137
65,119
153,105
119,105
9,140
111,157
16,85
32,138
68,74
77,47
74,47
94,62
112,20
122,100
15,17
42,120
39,31
90,129
6,151
19,136
150,53
136,53
130,153
147,153
28,155
52,118
47,105
45,43
104,55
81,54
25,139
106,67
35,119
24,133
80,87
37,70
26,91
11,23
113,59
148,134
59,134
125,77
83,92
36,137
124,142
102,61
145,93
38,162
140,72
49,110
51,13
60,21
27,126
152,121
109,101
134,142
139,74
96,136
8,91
73,22
93,65
33,123
135,159
75,117
3,161
160,25
146,71
28,124
124,37
35,81
67,78
12,2
20,98
105,47
72,137
104,137
134,52
43,97
106,19
147,130
13,63
128,110
11,24
31,141
113,89
66,163
153,107
101,103
45,109
144,87
27,131
51,148
126,150
60,164
41,79
136,54
132,59
74,105
53,65
15,160
163,155
138,68
139,26
80,64
48,162
144,53
55,119
87,70
13,110
1,156
84,93
96,107
111,14
113,131
42,38
69,66
39,20
121,72
21,27
151,16
50,148
135,28
124,90
3,147
127,130
104,134
65,77
59,52
105,74
47,71
19,78
152,129
99,67
146,118
132,116
158,49
157,153
7,54
58,14
26,137
128,23
149,161
35,62
106,125
91,25
105,47
53,105
134,47
74,64
16,111
4,37
161,150
142,94
157,122
138,141
162,143
2,95
48,145
120,58
79,140
123,159
98,112
89,116
82,146
137,144
149,158
6,136
4,49
85,60
129,155
154,118
30,51
128,126
152,153
87,91
86,7
64,125
109,97
62,92
83,103
73,101
22,68
45,23
104,35
70,133
55,37
132,25
54,67
26,119
24,81
63,106
139,11
43,80
1,90
130,48
147,44
115,121
105,52
78,134
119,142
69,112
74,133
98,145
104,117
87,85
161,125
97,77
137,26
105,47
41,23
9,116
70,160
89,49
113,155
128,66
23,49
116,37
66,160
155,55
55,160
49,37
152,27
32,24
1,76
110,129
136,72
102,90
58,127
143,61
11,27
72,76
24,127
90,129
61,45
129,27
45,127
144,134
7,42
21,95
46,122
13,30
112,67
108,121
6,130
124,161
130,95
42,25
161,67
121,122
63,30
25,122
67,95
52,119
142,148
41,146
83,59
54,100
94,158
18,147
117,144
69,36
156,51
39,163
154,123
17,3
162,151
60,38
126,118
100,163
3,35
118,133
123,81
51,36
38,104
151,144
158,147
147,133
163,81
35,36
104,144
74,105
59,145
114,122
161,156
37,92
111,33
4,159
140,141
33,141
106,159
159,141
71,22
127,66
42,73
131,75
50,98
85,96
10,26
57,119
84,114
44,16
8,135
82,48
26,98
16,132
80,114
75,135
48,43
96,119
98,43
30,76
132,135
119,114
12,151
3,144
24,57
158,154
120,138
31,157
40,2
107,86
164,14
99,93
34,79
15,137
28,115
12,20
157,91
86,14
2,93
79,87
20,137
138,115
137,93
115,87
91,14
146,134
83,134
113,123
108,140
149,17
162,148
161,145
54,111
37,78
81,68
19,62
47,105
101,77
26,131
131,133
52,109
22,74
70,94
151,53
142,65
105,139
78,65
80,140
153,91
49,118
131,148
110,66
127,27
124,111
13,107
113,93
147,156
3,121
39,38
135,16
14,72
28,84
20,21
130,42
1,90
69,50
96,151
24,136
138,105
53,161
154,143
2,117
116,85
82,149
8,146
94,152
125,97
73,92
22,101
68,64
83,134
103,62
26,63
31,70
54,141
112,137
142,36
30,144
128,122
150,155
17,156
32,87
33,153
77,74
105,52
71,19
59,78
65,47
145,64
9,28
10,148
158,152
6,89
122,79
48,98
136,144
126,120
60,141
149,2
123,85
118,161
49,112
58,137
4,138
129,116
95,140
82,145
30,159
51,157
155,162
142,143
128,150
94,153
154,146
93,133
101,134
62,77
107,131
105,47
164,110
15,69
41,72
121,163
102,135
92,71
99,48
40,50
54,91
87,23
55,35
81,63
26,45
25,80
37,119
70,132
24,43
11,67
106,139
65,103
76,115
7,160
78,125
108,96
75,66
46,4
74,105
103,78
145,13
161,93
6,3
86,70
38,95
21,162
110,132
132,64
97,47
105,68
89,130
151,154
117,129
79,156
14,91
107,126
50,144
26,134
55,140
131,81
92,78
25,120
142,137
90,164
76,106
63,17
67,13
124,43
23,146
147,119
98,20
133,148
91,158
64,65
43,71
45,120
117,161
151,137
18,113
20,145
10,51
36,124
141,162
155,131
21,93
60,130
1,61
104,149
69,148
47,105
23,136
77,53
87,63
73,63
64,59
81,19
2,72
25,135
127,132
37,68
118,133
100,79
84,160
7,107
44,27
24,115
151,144
58,100
49,153
52,92
138,129
126,147
119,138
40,12
157,150
120,90
39,159
91,58
118,83
157,127
63,13
122,150
129,152
68,159
137,104
145,101
74,37
45,84
126,107
153,158
92,65
28,95
149,86
87,120
26,82
39,146
161,148
91,110
1,64
12,69
130,105
127,78
125,113
74,43
67,103
41,37
150,154
111,68
73,92
134,65
152,88
91,131
58,138
79,123
158,143
119,64
105,144
42,150
47,53
44,140
36,137
139,130
104,145
156,135
21,148
37,131
51,43
59,134
121,22
19,105
159,119
115,68
35,151
154,106
77,68
103,101
19,101
16,45
108,159
62,53
47,52
116,147
4,26
11,119
115,107
142,51
149,156
81,129
131,65
77,105
72,125
23,99
80,144
155,136
78,64
33,146
139,71
71,65
73,42
37,129
98,104
125,145
118,52
47,53
81,19
82,146
49,25
55,111
101,93
90,159
80,107
64,130
52,130
38,151
154,86
153,23
109,59
141,70
123,92
79,121
65,105
62,4
61,135
111,101
68,78
137,97
146,131
42,81
110,52
147,92
53,92
109,64
144,151
82,130
89,106
143,155
133,53
150,45
88,120
110,73
71,97
118,94
150,129
113,109
105,109
84,87
124,123
53,47
68,65
58,121
140,135
146,157
159,147
101,127
54,101
33,10
166,149
144,52
110,119
105,64
145,111
101,78
125,68
43,103
107,145
62,156
94,83
85,131
88,13
26,128
144,138
136,148
152,159
11,129
68,59
74,134
53,52
133,47
25,78
125,19
45,50
86,135
64,65
84,70
38,145
95,147
88,107
18,49
69,148
47,53
97,104
43,145
112,119
154,25
81,146
156,130
47,78
64,65
151,107
97,133
134,93
99,146
159,127
40,157
23,136
130,92
21,30
117,56
104,148
52,78
59,105
159,135
44,41
14,31
106,146
163,154
160,154
119,64
47,53
103,97
126,150
75,46
158,68
55,78
120,129
145,138
70,51
160,9
105,47
8,29
127,121
52,131
92,53
48,65
58,130
3,66
132,139
100,110
76,137
151,111
114,96
102,153
45,35
136,77
120,144
22,125
83,101
64,109
68,134
103,97
73,62
25,135
81,92
70,73
59,74
123,158
146,89
140,122
98,137
162,150
138,120
2,157
85,149
48,58
79,128
112,159
143,116
4,129
6,145
141,82
51,144
94,60
155,118
49,142
30,161
126,154
152,136
95,153
113,101
148,156
107,127
92,111
130,151
23,139
25,45
88,133
91,55
80,132
67,24
26,37
87,11
63,54
35,70
43,119
106,81
15,17
105,71
65,78
97,52
48,103
147,146
6,12
149,98
144,117
98,93
13,117
13,50
158,1
109,64
152,135
104,148
108,140
75,79
8,157
142,99
12,21
44,128
99,69
39,79
113,140
128,111
105,65
40,60
46,141
33,89
18,138
137,95
86,150
162,82
32,155
30,156
31,153
141,150
89,138
42,153
156,60
38,82
155,27
37,22
55,127
34,57
101,62
73,83
19,146
77,52
48,161
36,124
124,161
35,78
48,60
53,131
94,57
84,115
102,58
41,129
15,112
17,145
51,6
126,160
57,110
66,58
112,151
129,28
6,20
160,115
50,145
105,47
35,135
129,83
19,47
28,131
72,110
66,42
1,20
135,107
27,96
111,90
21,13
14,93
69,121
3,156
39,16
113,130
124,151
147,148
50,84
38,127
7,141
100,4
56,32
73,64
97,92
125,101
109,68
83,62
22,134
29,49
156,145
158,146
100,123
34,152
9,136
120,159
76,118
90,123
118,146
159,72
135,136
147,152
143,127
153,119
20,143
7,49
49,107
127,109
93,47
87,89
98,131
31,157
135,74
154,121
145,92
147,78
94,62
10,51
71,130
123,96
79,24
107,97
122,61
14,61
59,139
138,135
134,19
54,66
42,119
16,63
111,150
121,78
22,129
87,144
47,105
130,151
10,13
96,131
84,107
14,39
27,110
113,1
50,42
38,13
121,130
3,16
111,72
20,93
21,66
156,151
90,127
69,135
124,148
28,147
41,153
78,47
19,53
83,92
54,87
35,133
81,43
26,55
23,88
104,106
25,67
132,119
139,45
37,80
63,91
70,11
36,117
137,82
42,138
65,71
73,127
126,134
3,98
84,159
21,161
24,153
27,110
9,1
30,12
18,113
39,140
57,86
4,86
38,162
2,51
135,33
43,145
149,130
50,112
124,12
51,145
130,112
105,47
67,60
82,63
120,139
46,57
97,101
103,125
92,134
83,109
22,62
73,68
17,40
114,44
89,66
14,122
40,35
128,107
4,143
58,91
147,79
8,127
122,91
95,148
93,148
99,117
117,26
69,137
10,104
94,80
135,146
47,53
71,78
152,133
55,123
121,150
49,111
41,106
111,133
114,85
85,96
74,64
129,125
65,131
23,86
78,47
85,48
158,136
141,126
94,98
2,155
161,120
82,138
60,143
30,95
89,145
116,123
137,79
4,153
146,51
144,142
149,58
140,112
49,150
152,159
6,162
118,122
128,129
157,154
148,83
121,64
108,102
7,90
102,11
92,109
130,139
32,76
17,36
54,76
156,36
62,53
101,78
15,40
35,40
55,141
1,89
143,27
52,47
65,105
48,20
120,84
38,95
75,25
104,30
146,97
68,125
112,134
39,136
150,66
47,78
76,83
134,65
31,41
41,42
11,138
129,110
141,96
27,126
44,34
108,61
111,158
34,14
79,107
2,112
149,13
16,61
30,20
148,51
143,131
153,154
99,15
151,12
93,95
92,125
101,109
68,103
97,134
83,73
22,64
54,106
23,35
119,45
132,133
25,11
67,81
37,24
87,26
139,70
80,91
104,43
60,21
102,100
100,72
120,110
118,28
50,142
6,124
161,117
78,139
114,160
25,140
160,91
45,49
128,37
106,154
32,54
9,46
46,87
70,123
97,65
3,131
66,20
110,84
38,107
14,96
27,130
113,135
42,121
13,111
90,93
39,69
16,156
124,28
147,21
151,148
50,72
1,127
7,115
115,23
157,36
12,129
141,150
155,133
78,47
19,74
26,161
8,33
18,75
81,75
119,33
43,144
52,65
17,32
149,49
64,148
127,73
77,59
65,109
4,59
121,116
96,146
82,20
85,132
90,122
135,129
148,137
141,60
144,98
34,131
117,63
63,98
21,157
27,157
115,152
72,153
152,153
128,110
155,1
46,45
156,67
3,6
154,80
151,142
44,73
6,93
67,142
80,33
79,73
53,65
35,59
111,19
16,94
116,118
85,87
87,118
107,61
136,138
138,61
109,139
5,153
92,103
68,131
144,74
155,24
58,110
145,69
28,123
60,151
110,123
69,151
101,53
15,134
13,134
111,146
127,79
79,146
156,57
151,145
92,64
97,73
68,125
62,101
134,103
22,109
160,69
37,158
82,69
90,106
28,119
154,161
135,155
131,59
57,61
81,153
61,72
121,140
96,150
140,150
52,47
131,22
74,22
78,47
158,4
89,60
2,98
48,150
120,112
162,141
82,157
95,161
126,145
58,123
136,79
155,146
85,144
94,129
149,154
128,140
6,138
159,137
51,143
118,142
116,30
122,152
49,153
57,36
53,97
44,108
102,33
115,100
100,132
46,76
69,21
117,148
91,127
90,113
83,109
106,19
71,105
106,64
65,53
83,125
15,6
162,139
95,139
80,137
38,122
98,12
152,9
23,143
156,67
151,142
69,85
96,104
64,146
75,128
8,49
82,26
124,130
47,131
78,105
84,24
30,12
116,50
115,51
1,129
103,74
41,136
117,162
61,120
148,65
145,93
158,40
66,139
153,60
34,58
140,32
109,77
70,157
110,86
21,161
11,138
127,157
161,112
86,138
133,119
65,53
130,52
95,149
72,89
74,47
20,157
58,150
156,155
7,129
40,51
30,60
85,126
14,55
27,138
73,94
106,134
17,112
141,132
3,38
16,109
116,121
118,135
50,139
59,19
1,146
143,28
78,22
82,110
140,32
54,66
122,24
87,127
145,53
71,77
86,36
129,36
62,92
131,23
11,39
2,142
10,161
20,148
70,157
96,81
52,65
107,83
83,73
53,64
77,135
122,153
136,145
94,146
58,157
6,2
159,85
142,161
138,140
143,144
123,95
149,112
162,137
116,79
129,158
51,82
48,60
141,155
118,150
30,89
120,128
49,126
98,152
4,154
108,111
39,84
131,47
46,96
115,31
97,64
109,62
134,101
83,125
92,103
22,73
25,35
81,37
43,26
54,104
91,132
87,55
63,24
80,139
23,70
11,133
106,45
49,61
137,93
107,90
14,41
8,127
140,153
72,66
66,153
125,77
83,127
58,161
129,65
73,59
107,110
1,50
66,111
69,113
28,156
3,151
121,21
93,72
38,20
13,130
16,148
14,90
27,135
131,124
84,147
42,127
96,39
158,150
9,94
94,150
76,12
95,12
51,104
108,36
75,61
17,40
86,115
128,89
116,18
53,77
98,142
62,67
100,159
136,105
49,106
11,154
146,25
91,25
78,47
79,37
6,97
48,134
150,103
160,100
144,149
59,19
22,65
45,131
133,131
83,125
80,132
10,139
54,68
52,134
61,60
86,155
162,145
1,147
16,120
48,3
134,71
33,118
57,123
62,161
99,12
9,122
31,79
30,21
97,43
60,48
129,154
125,146
2,13
47,131
57,94
39,44
19,52
132,113
12,139
24,113
23,103
50,119
77,59
31,45
128,110
25,113
32,83
58,64
6,38
87,116
160,92
120,65
108,76
15,10
7,66
1,49
124,161
42,34
112,156
51,137
74,71
126,54
20,35
96,123
157,54
35,69
28,123
70,22
105,47
105,125
20,82
89,127
137,150
9,101
131,47
157,32
19,77
99,36
35,112
28,153
138,33
126,154
50,162
72,139
12,43
66,94
129,27
13,95
64,134
92,109
62,125
68,97
73,103
83,22
91,133
67,55
104,24
63,37
80,70
1,106
52,74
4,131
76,119
84,158
107,115
58,113
140,146
143,159
148,60
105,47
65,59
64,77
109,45
65,47
158,137
157,89
2,122
123,48
98,128
136,85
140,150
155,94
95,82
112,58
30,4
116,145
129,146
79,144
6,149
49,143
141,159
162,161
152,60
120,118
51,126
153,138
154,142
40,130
105,53
110,23
38,97
71,52
37,109
36,123
51,123
129,74
33,80
84,101
19,47
65,134
78,77
25,55
35,104
24,81
19,142
149,77
158,22
157,64
139,134
131,47
12,69
2,142
82,3
126,140
145,140
133,159
80,55
21,161
153,105
85,123
152,90
19,65
97,47
104,51
89,111
121,45
22,101
49,32
155,53
60,19
74,138
42,103
119,127
109,147
102,114
151,10
40,136
157,136
59,65
91,146
126,125
145,93
24,92
134,63
161,150
61,121
150,161
161,150
92,47
105,53
19,52
77,65
32,36
123,59
147,131
42,110
107,66
1,130
156,84
3,113
96,13
93,27
69,90
39,50
111,38
21,14
72,151
28,148
135,121
16,124
20,127
12,152
152,153
141,154
71,47
22,97
101,92
109,73
68,83
62,134
64,103
45,133
35,87
55,63
81,119
70,26
80,104
25,24
23,132
67,139
11,91
43,106
61,112
122,112
155,4
74,78
13,77
146,65
161,89
138,89
150,107
141,147
76,111
134,52
11,45
60,154
36,117
73,101
2,139
53,105
95,23
104,144
90,125
100,28
153,72
77,71
59,47
19,65
68,133
92,22
127,81
146,106
113,159
112,148
45,138
18,44
38,161
34,49
21,130
3,43
157,109
47,77
103,74
65,132
33,27
91,119
52,71
136,150
122,120
142,141
85,146
48,161
126,143
129,145
79,94
123,89
30,112
95,137
4,2
162,144
153,149
157,140
60,82
49,116
98,51
6,155
118,138
158,128
152,58
159,154
131,110
127,147
114,135
113,66
32,90
77,105
130,19
96,41
101,64
125,134
22,92
109,103
62,68
83,97
54,55
23,133
45,81
104,132
139,119
11,37
87,106
26,63
24,70
25,91
43,35
152,154
47,146
65,74
142,19
78,145
69,119
112,62
62,119
150,116
113,140
86,36
51,67
103,64
10,149
136,124
127,124
119,99
135,83
117,93
95,156
115,159
19,71
63,148
105,53
92,59
111,106
77,134
52,47
104,151
123,132
43,130
22,154
94,101
64,138
150,110
162,137
158,121
4,125
55,146
71,151
81,53
59,37
77,47
138,136
25,52
73,68
52,136
66,50
127,107
13,14
27,148
113,20
135,111
42,21
156,131
93,39
3,124
1,38
121,110
16,84
69,72
28,151
90,147
96,130
71,150
118,125
125,150
103,64
101,54
22,153
54,153
74,119
67,26
105,53
52,65
19,134
45,78
116,153
63,36
143,37
154,120
142,64
139,77
123,92
64,77
135,64
69,142
77,52
134,47
71,65
153,106
159,53
79,110
123,111
122,28
55,105
135,89
3,130
112,144
66,144
72,94
62,64
109,125
92,83
68,101
73,134
22,103
80,54
63,23
35,45
25,133
26,81
104,67
87,37
132,139
43,91
11,119
24,106
14,123
142,154
154,131
19,148
147,53
127,146
93,60
74,52
125,119
59,71
83,125
132,92
109,93
97,134
93,134
78,47
158,82
89,144
58,122
79,48
98,145
136,94
49,141
153,157
2,161
85,112
95,128
143,123
155,137
4,146
150,129
51,140
159,116
162,138
149,118
142,60
120,30
152,126
154,6
70,113
130,97
65,47
26,36
28,27
19,77
146,74
4,147
66,121
156,149
78,113
103,131
131,113
22,65
101,37
59,105
48,146
65,71
27,66
1,135
14,113
13,39
93,42
38,3
16,28
20,121
107,130
84,21
151,131
148,156
90,110
111,50
147,124
72,127
69,96
34,23
142,137
116,133
43,139
44,155
86,115
120,94
2,48
40,15
47,146
61,102
164,150
18,45
143,135
79,131
154,127
67,77
36,161
49,111
89,90
92,68
16,101
106,78
47,145
8,31
123,20
20,110
45,55
28,107
84,138
21,149
30,75
74,146
40,99
10,124
94,96
148,105
61,81
89,137
42,137
76,126
136,87
93,134
60,161
68,64
95,110
39,116
16,159
80,154
57,153
114,160
122,119
132,22
27,146
23,146
50,144
115,150
111,135
114,58
32,41
34,49
33,133
141,1
84,128
149,156
46,4
97,125
106,92
44,147
121,94
40,98
75,114
86,33
46,100
32,115
41,108
102,44
99,36
160,57
15,117
10,17
76,61
54,49
122,23
131,155
48,130
61,45
82,35
163,150
110,100
55,116
2,93
1,87
85,147
114,84
165,81
112,26
108,14
94,88
138,27
66,18
115,113
117,104
9,127
126,111
42,120
58,107
166,13
96,79
25,118
95,69
39,44
36,139
67,3
4,132
24,152
128,121
16,57
6,144
8,135
129,72
51,156
89,28
20,98
80,157
17,21
162,148
60,145
30,151
143,70
90,136
91,164
33,83
50,149
43,142
11,141
158,106
159,22
73,55
21,60
162,112
96,57
31,16
58,127
13,82
78,53
125,146
4,95
2,15
163,133
148,139
138,92
144,161
22,94
67,145
68,77
131,57
51,124
140,155
54,118
48,156
110,129
111,64
89,42
80,85
122,101
160,157
20,3
50,62
22,139
78,125
140,125
23,118
52,37
36,97
137,67
13,63
53,47
65,148
34,119
123,111
141,152
22,37
62,37
17,61
81,138
165,144
134,125
76,157
14,114
35,156
135,101
83,163
11,122
96,64
68,133
92,91
77,74
26,95
87,139
68,105
125,53
1,55
109,71
72,118
81,119
146,54
145,116
136,154
33,70
75,152
117,69
162,130
19,78
35,106
110,144
138,37
148,53
83,67
159,137
30,149
17,98
134,161
25,119
59,131
143,92
153,135
3,50
58,111
113,103
120,130
11,96
9,158
119,44
85,135
124,93
90,125
53,47
84,143
100,150
102,14
46,57
105,92
19,64
64,65
63,138
42,45
80,104
164,162
37,129
57,91
144,78
25,146
140,147
139,119
103,137
133,68
27,28
98,112
6,161
8,157
4,109
115,57
153,70
76,22
109,47
121,72
51,24
160,153
1,163
61,158
85,39
129,155
31,41
38,48
106,89
105,78
45,27
119,53
66,118
34,108
15,60
112,161
70,132
68,52
127,28
3,67
103,59
134,71
55,131
18,44
32,86
93,144
48,43
160,133
146,144
123,148
72,13
124,126
129,37
16,87
155,68
97,52
119,134
110,136
53,47
163,147
146,71
139,148
22,111
43,150
138,52
37,105
92,68
144,125
78,161
53,134
95,69
93,149
64,65
118,130
26,39
122,135
61,156
116,126
77,137
162,155
23,133
42,106
71,134
74,134
59,47
109,103
44,120
150,148
139,156
98,137
125,161
107,157
97,144
36,97
55,138
91,97
97,105
144,116
14,44
43,131
133,145
62,65
53,47
113,104
69,96
89,118
114,132
63,101
59,101
114,76
156,153
108,152
121,150
74,78
99,147
138,131
137,154
77,64
79,119
73,159
160,68
148,154
161,92
53,94
68,71
116,131
45,128
163,157
132,129
81,66
37,27
130,62
139,125
109,133
52,65
127,54
112,107
126,91
143,119
153,155
41,86
60,17
144,137
27,73
83,125
53,47
120,138
146,136
72,23
91,89
12,161
135,150
85,57
156,43
111,106
37,47
137,52
82,132
4,3
142,115
57,158
70,125
59,101
119,97
68,92
64,109
62,133
73,134
14,109
118,133
152,64
77,52
131,72
66,127
107,69
88,144
111,42
93,150
124,156
27,38
16,113
28,26
20,96
84,148
90,121
135,151
21,50
39,147
149,48
24,54
106,23
45,110
55,87
35,81
25,70
67,43
63,104
83,139
91,37
11,80
22,130
119,163
71,125
103,78
53,133
13,131
62,92
68,73
159,153
83,93
70,151
161,156
145,131
103,87
105,53
7,44
74,65
63,148
147,132
60,164
123,136
138,94
112,126
128,137
4,141
154,82
89,163
129,49
51,122
118,162
2,30
78,134
133,92
28,68
95,157
1,158
143,120
6,58
149,79
165,161
48,3
153,116
85,140
13,159
166,155
142,14
146,152
53,47
125,37
91,77
69,62
161,144
109,157
159,101
122,118
149,43
134,140
153,47
155,150
65,64
158,66
51,162
21,162
37,133
154,125
67,81
134,103
94,71
36,161
93,161
106,92
95,73
126,111
117,161
44,141
107,141
19,78
127,148
89,164
14,158
69,166
108,159
158,164
90,159
123,52
146,65
154,155
33,10
9,126
137,30
152,163
98,142
79,61
126,27
88,163
20,30
50,142
61,127
13,84
67,148
32,85
60,165
17,112
128,115
136,102
115,113
112,156
145,165
135,85
102,147
94,125
96,104
62,64
68,133
73,92
119,109
19,97
59,134
99,95
140,75
120,8
72,75
38,95
8,66
137,101
63,105
155,131
40,144
117,82
15,48
123,49
124,48
144,82
53,47
103,95
74,130
86,141
71,64
46,87
47,92
150,28
38,84
26,148
27,42
113,21
111,20
16,69
39,107
145,144
151,121
90,72
156,135
93,50
88,124
131,127
66,96
58,18
91,143
103,53
15,98
102,76
104,98
22,76
133,109
48,4
49,120
128,161
14,3
95,142
1,166
165,146
164,129
155,149
140,13
6,143
60,116
159,153
131,134
65,52
105,71
158,51
89,162
82,122
58,141
157,94
2,138
85,79
112,123
136,137
152,118
30,126
163,154
35,40
59,74
81,134
92,129
131,71
42,27
158,49
137,38
20,82
59,103
22,35
11,110
25,104
132,63
24,55
87,81
139,130
80,45
70,54
67,83
43,23
140,157
90,152
136,66
134,64
92,97
19,119
101,68
109,62
73,133
156,142
144,112
98,85
48,79
74,77
125,78
41,94
13,6
94,111
6,149
121,120
3,93
126,39
30,21
65,52
133,92
140,133
125,47
57,92
163,101
71,65
39,107
156,53
100,57
110,79
9,84
57,55
8,147
84,79
119,132
135,115
92,47
57,116
121,116
4,127
154,146
59,130
103,78
54,23
87,68
144,106
117,99
81,99
6,124
37,139
50,73
151,24
157,156
33,42
60,13
65,101
52,105
131,64
141,62
47,101
133,105
64,134
17,36
26,36
67,149
10,50
149,50
147,25
159,104
22,19
33,118
118,39
28,20
138,97
73,52
106,91
146,157
160,153
157,153
30,165
69,2
85,1
95,43
2,43
78,130
65,47
145,48
51,148
48,148
163,155
64,125
88,128
135,18
157,27
118,132
138,107
111,58
61,44
44,11
84,49
122,24
150,71
78,137
46,138
18,166
131,116
41,109
72,129
32,16
90,155
105,150
101,105
144,147
86,155
141,27
160,92
28,49
140,80
49,80
114,129
115,45
14,152
45,152
101,64
156,153
62,148
123,96
47,130
11,80
79,17
131,125
76,143
100,154
150,143
28,154
124,98
99,93
77,135
92,101
89,133
92,47
73,145
100,24
27,66
78,125
6,122
157,116
2,142
85,138
58,153
126,79
112,89
140,158
82,161
166,163
13,49
152,137
110,107
32,33
127,113
106,68
149,164
48,94
136,143
3,141
4,95
146,14
159,129
51,120
1,162
60,123
154,155
128,118
30,165
75,39
97,59
154,159
6,40
84,127
26,88
27,111
50,113
124,145
42,107
96,93
156,148
38,69
121,131
72,16
28,144
66,20
21,39
90,151
135,147
85,164
92,47
103,52
25,23
45,83
70,55
81,54
132,11
37,43
24,91
87,139
67,63
80,22
35,130
104,106
115,123
152,141
77,65
73,97
101,119
62,59
68,109
19,133
49,44
105,125
95,162
48,156
149,161
82,142
161,156
142,162
128,20
78,47
139,145
30,98
90,39
2,13
66,74
53,71
134,92
164,83
83,147
123,118
130,47
136,111
97,52
109,103
132,43
40,142
36,112
21,62
112,142
77,146
75,89
166,95
162,149
45,143
133,141
68,59
108,114
25,114
158,115
4,41
99,15
8,61
121,122
3,35
140,80
134,47
160,114
125,19
86,70
129,70
62,139
161,157
44,85
17,117
23,94
166,63
163,54
16,94
107,54
92,116
63,82
127,24
79,116
74,77
144,78
47,130
119,83
112,151
70,28
148,134
49,100
100,142
141,164
51,2
57,76
131,107
66,94
110,146
82,156
60,124
42,129
159,37
58,37
57,79
19,71
125,65
47,92
100,123
69,137
149,141
89,25
147,150
163,108
36,10
24,116
43,77
162,130
98,152
152,120
63,20
17,61
129,157
64,53
148,153
126,164
159,18
74,78
111,166
165,166
66,118
96,133
1,11
55,39
109,118
52,105
93,19
137,47
46,9
53,101
42,131
66,84
50,107
88,156
150,145
121,111
21,93
147,69
27,39
26,144
72,113
28,20
124,148
127,16
96,135
75,76
19,59
54,11
23,24
45,35
37,104
63,25
132,55
67,130
80,139
106,70
87,91
110,43
22,81
134,47
94,85
51,14
123,165
112,48
3,118
4,82
95,149
159,122
162,136
30,152
154,79
62,93
61,115
119,92
158,89
120,60
1,163
13,161
143,138
166,157
49,137
141,116
58,140
6,129
142,146
2,128
126,164
153,155
142,73
55,132
136,86
79,72
42,73
99,98
120,87
87,80
92,47
11,88
40,13
82,165
21,162
89,154
155,138
147,138
16,36
120,160
37,76
50,142
27,153
3,156
123,152
6,149
163,113
134,133
19,59
97,68
109,101
73,64
127,143
22,125
145,107
129,74
58,150
71,55
91,157
18,23
17,166
121,116
96,49
49,164
75,132
53,64
130,81
65,109
48,165
113,116
66,153
116,153
108,138
47,134
18,96
39,102
101,74
148,150
26,145
16,121
20,151
147,107
111,104
10,117
8,88
54,87
22,110
35,55
37,132
130,83
43,62
92,81
67,19
77,134
103,71
164,154
155,158
2,141
128,157
30,1
126,95
14,58
136,165
120,123
118,146
129,89
49,162
60,149
44,160
124,148
52,74
53,125
65,105
85,122
48,153
166,94
79,161
143,82
13,137
3,140
4,163
51,116
112,6
159,138
152,142
77,47
92,53
149,139
103,22
16,127
154,85
96,87
47,134
28,79
9,114
151,60
158,106
42,106
11,54
147,39
93,70
146,52
153,150
102,118
1,14
43,145
128,135
36,40
4,164
161,142
27,136
69,137
139,125
53,65
25,160
144,117
41,141
64,119
133,97
109,59
73,101
68,134
62,19
18,114
23,120
24,123
74,71
49,129
10,77
63,20
66,140
154,163
39,163
98,130
52,68
65,59
44,100
58,122
90,150
85,143
128,107
2,97
26,98
152,68
13,81
23,39
3,79
53,130
66,25
20,132
155,114
164,84
95,148
16,129
115,54
41,147
61,101
134,47
78,77
67,104
55,109
80,87
150,153
118,105
1,120
93,48
74,59
131,37
73,157
157,128
24,152
22,47
15,134
154,118
111,109
95,112
86,159
50,40
141,129
143,129
53,114
93,156
76,84
45,81
54,35
104,132
67,55
37,25
70,87
110,139
80,130
91,23
106,83
63,43
24,11
148,82
142,140
146,120
125,19
107,138
164,157
160,61
134,47
115,14
166,144
52,65
64,97
92,133
101,62
68,59
73,119
10,26
3,151
150,153
117,145
49,118
74,71
155,159
64,105
155,159
74,134
32,33
59,134
155,137
103,47
132,89
9,78
142,139
107,131
88,127
39,113
84,145
111,69
16,42
66,156
96,121
20,144
21,135
27,151
28,148
50,90
124,150
147,93
98,26
45,4
53,130
123,74
104,165
51,117
11,54
35,97
2,43
94,128
157,161
81,77
86,64
33,106
135,113
83,101
108,46
155,153
47,65
19,134
70,125
132,110
76,146
37,146
133,118
95,148
25,103
61,156
94,153
106,91
116,141
151,98
157,85
124,97
96,122
142,162
68,73
130,53
132,144
104,150
54,107
109,76
20,77
84,80
21,148
35,19
137,134
136,113
103,125
159,27
27,138
62,81
87,101
46,126
147,129
152,164
59,47
74,71
52,105
65,78
16,24
1,23
37,71
138,42
40,116
143,159
134,74
162,157
120,88
13,144
35,80
91,110
104,55
23,81
25,22
37,87
24,67
63,139
130,45
70,132
83,43
11,106
38,72
137,123
122,78
150,141
149,117
52,71
53,77
68,64
101,133
73,59
62,97
19,92
134,109
26,165
47,105
101,64
138,146
14,160
38,156
60,137
72,127
59,65
151,77
143,155
106,155
142,97
82,130
97,130
71,47
129,88
158,100
134,52
54,64
70,125
125,64
105,87
76,39
4,85
63,19
132,27
114,27
53,130
65,52
55,150
68,59
107,114
74,47
136,89
141,120
165,94
1,157
146,166
138,123
126,137
3,163
58,159
162,116
143,155
142,13
6,153
147,22
113,78
134,71
158,60
122,112
2,129
14,48
95,79
149,161
152,82
51,164
118,140
30,128
49,154
62,77
19,50
50,77
114,62
20,131
26,150
66,148
84,151
88,27
113,90
28,145
111,93
69,156
42,39
21,16
121,135
38,50
144,124
127,147
96,72
37,138
33,140
52,74
165,116
77,98
80,85
100,79
97,59
64,92
19,101
133,109
62,68
119,134
23,83
104,166
143,89
135,157
48,148
71,65
129,125
22,78
128,103
152,113
113,103
84,154
47,53
106,28
73,74
47,52
71,59
153,110
101,146
68,39
39,146
14,94
85,147
160,87
102,157
122,116
65,134
156,43
53,130
111,155
37,163
141,114
126,118
4,64
114,115
79,164
165,148
162,117
103,105
39,152
80,49
81,97
88,101
146,153
65,74
59,52
71,47
54,92
145,150
130,134
22,116
112,137
144,156
65,71
141,150
113,136
64,72
85,153
118,74
155,78
78,74
52,47
108,76
57,160
120,110
149,13
28,107
19,145
139,148
42,14
61,86
102,100
158,90
18,84
123,87
138,159
11,140
156,134
39,101
164,103
26,81
24,133
109,163
32,54
111,45
65,125
91,74
116,150
27,52
71,59
153,80
150,59
52,80
134,71
23,87
52,71
84,131
88,150
26,124
113,107
21,42
151,39
38,16
93,144
69,121
156,28
20,72
27,90
66,135
111,147
145,127
50,96
19,162
46,75
24,83
133,134
59,74
81,35
132,110
14,138
13,129
112,166
4,120
82,116
158,146
140,48
163,51
152,155
128,122
153,79
154,161
16,44
70,22
71,77
52,78
85,89
157,141
95,162
58,164
137,149
143,3
6,1
49,118
159,94
60,136
165,142
30,123
2,126
62,109
71,47
36,10
126,131
89,72
107,87
134,98
113,127
156,148
53,74
129,153
88,114
117,137
54,80
23,55
81,25
45,132
24,63
67,139
70,35
83,91
104,43
11,130
110,106
22,37
125,78
128,27
18,140
41,49
114,150
145,116
14,159
47,65
119,133
64,59
97,109
92,62
73,19
134,101
77,166
102,164
1,152
44,158
96,89
26,60
127,79
33,146
2,21
4,135
154,153
