PersonID,A,Score,Weather,Y
1,0,69,B,1
1,0,69,A,1
1,0,69,C,1
1,0,69,A,1
1,0,69,B,1
1,0,69,B,1
1,0,69,C,0
1,0,69,B,1
1,0,69,A,1
1,0,69,A,1
1,0,69,A,1
1,0,69,C,1
1,0,69,A,1
1,0,69,A,1
1,0,69,A,1
1,0,69,A,1
1,0,69,A,0
1,0,69,B,1
1,0,69,A,1
1,0,69,A,1
1,0,69,B,1
1,0,69,B,1
1,0,69,C,0
1,0,69,C,1
1,0,69,A,1
1,0,69,A,1
1,0,69,B,1
1,0,69,A,1
1,0,69,B,1
1,0,69,A,1
1,0,69,B,1
1,0,69,A,1
1,0,69,B,1
1,0,69,A,0
1,0,69,C,0
1,0,69,A,1
1,0,69,A,1
1,0,69,A,1
1,0,69,B,1
1,0,69,A,1
1,0,69,A,1
1,0,69,B,1
1,0,69,B,1
2,1,145,A,1
2,1,145,A,1
2,1,145,A,1
2,1,145,C,1
2,1,145,A,0
2,1,145,B,1
2,1,145,B,1
2,1,145,B,1
2,1,145,B,0
2,1,145,A,1
2,1,145,A,1
2,1,145,A,1
2,1,145,A,1
2,1,145,A,1
2,1,145,C,1
2,1,145,A,0
2,1,145,C,1
2,1,145,A,1
2,1,145,A,0
2,1,145,A,0
2,1,145,A,1
2,1,145,B,0
2,1,145,A,1
2,1,145,B,1
2,1,145,C,1
2,1,145,B,0
2,1,145,C,1
2,1,145,C,1
2,1,145,A,1
2,1,145,B,1
2,1,145,A,1
2,1,145,B,1
2,1,145,C,0
2,1,145,A,1
2,1,145,A,1
2,1,145,C,0
2,1,145,B,1
2,1,145,B,1
2,1,145,C,1
2,1,145,B,1
2,1,145,A,1
2,1,145,A,0
2,1,145,A,1
2,1,145,A,1
2,1,145,B,1
2,1,145,A,0
2,1,145,A,0
2,1,145,B,1
2,1,145,A,0
2,1,145,A,1
2,1,145,B,1
2,1,145,B,0
2,1,145,B,1
2,1,145,A,1
2,1,145,A,0
2,1,145,C,0
3,0,125,A,1
3,0,125,A,1
3,0,125,C,1
3,0,125,B,1
3,0,125,B,1
3,0,125,A,1
3,0,125,A,1
3,0,125,A,1
3,0,125,C,1
3,0,125,A,0
3,0,125,A,1
3,0,125,A,1
3,0,125,B,0
3,0,125,B,1
3,0,125,C,0
3,0,125,B,0
3,0,125,A,1
3,0,125,C,0
3,0,125,A,0
3,0,125,C,1
3,0,125,B,1
3,0,125,B,0
3,0,125,A,1
3,0,125,A,1
3,0,125,A,1
3,0,125,B,1
3,0,125,A,1
3,0,125,B,1
3,0,125,B,1
3,0,125,A,1
3,0,125,A,0
3,0,125,C,1
4,1,86,A,0
4,1,86,A,1
4,1,86,A,0
4,1,86,B,1
4,1,86,B,0
4,1,86,C,1
4,1,86,A,1
4,1,86,A,1
4,1,86,C,1
4,1,86,A,1
4,1,86,A,0
4,1,86,A,1
4,1,86,A,1
4,1,86,A,0
4,1,86,B,1
4,1,86,A,1
4,1,86,A,1
4,1,86,C,0
4,1,86,B,1
4,1,86,B,1
4,1,86,B,1
4,1,86,C,1
4,1,86,B,0
4,1,86,C,1
4,1,86,A,1
4,1,86,A,1
4,1,86,C,0
4,1,86,A,1
4,1,86,B,1
4,1,86,A,1
4,1,86,C,0
4,1,86,B,1
4,1,86,A,1
4,1,86,A,1
4,1,86,B,1
4,1,86,A,1
4,1,86,A,0
4,1,86,C,1
4,1,86,A,1
4,1,86,C,1
4,1,86,B,1
4,1,86,A,1
4,1,86,A,1
4,1,86,A,0
4,1,86,A,0
5,1,158,C,1
5,1,158,B,0
5,1,158,B,0
5,1,158,C,1
5,1,158,B,0
5,1,158,A,1
5,1,158,A,1
5,1,158,B,1
5,1,158,A,1
5,1,158,A,1
5,1,158,B,1
5,1,158,B,1
5,1,158,B,0
5,1,158,A,0
5,1,158,B,1
5,1,158,A,1
5,1,158,B,1
5,1,158,B,0
5,1,158,A,1
5,1,158,A,1
5,1,158,B,0
5,1,158,A,0
5,1,158,A,1
5,1,158,A,0
5,1,158,A,1
5,1,158,A,1
5,1,158,B,0
5,1,158,A,1
5,1,158,C,1
5,1,158,C,1
5,1,158,A,1
5,1,158,B,1
5,1,158,A,1
6,0,133,A,1
6,0,133,A,1
6,0,133,A,1
6,0,133,C,1
6,0,133,A,1
6,0,133,B,1
6,0,133,B,1
6,0,133,C,1
6,0,133,B,1
6,0,133,B,1
6,0,133,C,1
6,0,133,A,1
6,0,133,A,1
6,0,133,A,1
6,0,133,C,1
6,0,133,A,1
6,0,133,A,1
6,0,133,A,1
6,0,133,A,1
6,0,133,A,1
6,0,133,B,1
6,0,133,A,1
6,0,133,A,0
6,0,133,A,1
6,0,133,B,1
6,0,133,A,1
6,0,133,C,1
6,0,133,B,1
6,0,133,A,1
6,0,133,B,1
6,0,133,B,1
6,0,133,A,1
6,0,133,A,1
6,0,133,B,1
6,0,133,C,1
6,0,133,B,1
6,0,133,C,1
6,0,133,A,1
6,0,133,A,1
6,0,133,B,1
6,0,133,C,1
6,0,133,A,1
6,0,133,A,1
6,0,133,A,1
6,0,133,A,1
6,0,133,A,1
6,0,133,A,1
6,0,133,C,1
6,0,133,C,1
6,0,133,B,1
6,0,133,B,1
6,0,133,A,1
6,0,133,A,1
6,0,133,A,1
6,0,133,B,1
6,0,133,B,1
6,0,133,A,1
6,0,133,B,1
6,0,133,A,1
6,0,133,C,1
6,0,133,C,1
7,0,111,A,1
7,0,111,B,1
7,0,111,B,0
7,0,111,C,1
7,0,111,A,1
7,0,111,A,1
7,0,111,C,0
7,0,111,A,1
7,0,111,B,0
7,0,111,A,1
7,0,111,A,1
7,0,111,B,1
7,0,111,A,1
7,0,111,B,0
7,0,111,A,1
7,0,111,A,0
7,0,111,B,1
7,0,111,C,1
7,0,111,B,0
7,0,111,A,1
7,0,111,B,0
7,0,111,B,1
7,0,111,C,1
7,0,111,B,1
7,0,111,C,1
7,0,111,A,1
7,0,111,A,1
7,0,111,C,0
7,0,111,A,1
7,0,111,B,1
7,0,111,A,1
7,0,111,B,1
7,0,111,C,1
7,0,111,B,0
7,0,111,A,0
7,0,111,A,0
7,0,111,A,0
7,0,111,A,1
7,0,111,A,1
7,0,111,B,1
7,0,111,A,1
7,0,111,B,0
7,0,111,A,1
7,0,111,C,1
7,0,111,B,1
7,0,111,C,1
7,0,111,A,1
7,0,111,A,0
7,0,111,A,1
8,1,147,B,1
8,1,147,A,0
8,1,147,A,1
8,1,147,C,0
8,1,147,A,1
8,1,147,A,0
8,1,147,B,1
8,1,147,B,1
8,1,147,B,0
8,1,147,C,0
8,1,147,B,0
8,1,147,C,1
8,1,147,A,1
8,1,147,A,1
8,1,147,A,1
8,1,147,A,0
8,1,147,C,1
8,1,147,A,0
8,1,147,A,0
8,1,147,A,0
8,1,147,A,1
8,1,147,C,1
8,1,147,A,1
8,1,147,A,1
8,1,147,A,1
8,1,147,A,1
8,1,147,B,1
8,1,147,A,0
8,1,147,A,1
8,1,147,A,0
8,1,147,A,1
8,1,147,B,0
8,1,147,A,1
8,1,147,B,1
8,1,147,C,0
8,1,147,B,0
8,1,147,B,1
8,1,147,B,1
8,1,147,B,1
8,1,147,C,0
8,1,147,A,1
8,1,147,B,1
8,1,147,A,1
8,1,147,C,1
8,1,147,A,1
8,1,147,A,1
8,1,147,C,1
8,1,147,B,1
8,1,147,A,0
8,1,147,A,1
8,1,147,B,0
8,1,147,A,1
8,1,147,A,0
8,1,147,C,1
8,1,147,B,1
8,1,147,A,1
8,1,147,A,1
8,1,147,A,1
8,1,147,B,0
8,1,147,A,1
8,1,147,A,0
8,1,147,A,0
8,1,147,C,0
8,1,147,A,0
8,1,147,C,0
8,1,147,B,1
8,1,147,A,1
8,1,147,B,1
8,1,147,B,1
8,1,147,A,1
8,1,147,B,0
8,1,147,A,1
8,1,147,A,1
8,1,147,A,0
8,1,147,C,0
8,1,147,A,0
9,0,146,B,1
9,0,146,A,1
9,0,146,A,1
9,0,146,C,1
9,0,146,A,1
9,0,146,A,1
9,0,146,A,0
9,0,146,B,1
9,0,146,B,0
9,0,146,B,1
9,0,146,B,1
9,0,146,C,1
9,0,146,B,1
9,0,146,C,1
9,0,146,A,1
9,0,146,A,1
9,0,146,A,1
9,0,146,A,1
9,0,146,A,0
9,0,146,A,1
9,0,146,B,1
9,0,146,C,1
9,0,146,A,1
9,0,146,A,0
9,0,146,A,0
9,0,146,A,1
9,0,146,A,1
9,0,146,B,0
9,0,146,A,1
9,0,146,A,1
9,0,146,B,1
9,0,146,B,0
9,0,146,A,1
9,0,146,A,1
9,0,146,B,1
9,0,146,B,0
9,0,146,B,1
9,0,146,B,0
9,0,146,A,1
9,0,146,C,1
9,0,146,B,1
9,0,146,A,1
9,0,146,B,1
9,0,146,A,1
9,0,146,B,1
9,0,146,A,1
9,0,146,B,1
9,0,146,B,1
9,0,146,A,1
9,0,146,A,1
9,0,146,A,1
9,0,146,B,1
9,0,146,A,1
9,0,146,A,0
9,0,146,A,1
9,0,146,A,1
9,0,146,A,1
9,0,146,A,1
9,0,146,A,0
9,0,146,A,0
9,0,146,A,1
9,0,146,B,1
9,0,146,A,1
9,0,146,C,0
9,0,146,A,1
9,0,146,C,1
9,0,146,B,1
9,0,146,A,1
9,0,146,A,1
9,0,146,C,1
9,0,146,B,1
9,0,146,A,1
9,0,146,B,1
9,0,146,A,1
9,0,146,A,1
9,0,146,A,0
9,0,146,C,1
9,0,146,A,0
10,0,145,B,1
10,0,145,A,1
10,0,145,A,0
10,0,145,A,1
10,0,145,B,1
10,0,145,B,1
10,0,145,C,1
10,0,145,C,0
10,0,145,C,0
10,0,145,A,1
10,0,145,A,1
10,0,145,A,1
10,0,145,A,1
10,0,145,C,1
10,0,145,A,1
10,0,145,A,1
10,0,145,A,1
10,0,145,B,1
10,0,145,A,1
10,0,145,A,1
10,0,145,A,1
10,0,145,A,0
10,0,145,B,1
10,0,145,A,1
10,0,145,B,1
10,0,145,A,1
10,0,145,A,1
10,0,145,A,1
10,0,145,C,1
10,0,145,B,0
10,0,145,B,1
10,0,145,B,1
10,0,145,B,1
10,0,145,A,1
10,0,145,A,1
10,0,145,C,1
10,0,145,C,0
10,0,145,A,1
10,0,145,C,1
10,0,145,C,1
10,0,145,A,1
10,0,145,A,1
10,0,145,A,1
10,0,145,A,1
10,0,145,B,1
10,0,145,B,1
10,0,145,C,1
10,0,145,A,1
10,0,145,A,1
10,0,145,A,1
10,0,145,A,1
10,0,145,C,0
10,0,145,C,1
10,0,145,B,1
10,0,145,B,1
10,0,145,A,1
10,0,145,A,1
10,0,145,B,1
10,0,145,B,1
10,0,145,A,1
10,0,145,A,1
10,0,145,A,1
10,0,145,C,1
10,0,145,C,1
11,1,141,A,1
11,1,141,A,1
11,1,141,A,0
11,1,141,B,1
11,1,141,B,0
11,1,141,A,1
11,1,141,A,1
11,1,141,C,0
11,1,141,A,0
11,1,141,A,1
11,1,141,A,0
11,1,141,A,0
11,1,141,A,1
11,1,141,B,0
11,1,141,C,0
11,1,141,B,0
11,1,141,B,1
11,1,141,C,1
11,1,141,C,1
11,1,141,A,1
11,1,141,A,0
11,1,141,C,1
11,1,141,B,0
11,1,141,C,1
11,1,141,B,0
11,1,141,A,1
11,1,141,B,1
11,1,141,A,1
11,1,141,C,0
11,1,141,A,0
11,1,141,B,1
11,1,141,A,1
11,1,141,A,0
11,1,141,A,0
12,0,137,A,1
12,0,137,A,1
12,0,137,B,1
12,0,137,B,1
12,0,137,C,0
12,0,137,B,0
12,0,137,A,0
12,0,137,A,1
12,0,137,B,0
12,0,137,C,1
12,0,137,A,1
12,0,137,A,1
12,0,137,B,0
12,0,137,A,1
12,0,137,B,0
12,0,137,A,0
12,0,137,B,1
12,0,137,A,1
12,0,137,A,0
12,0,137,B,0
12,0,137,A,1
12,0,137,A,0
12,0,137,C,1
12,0,137,C,0
12,0,137,B,1
12,0,137,B,0
12,0,137,A,0
12,0,137,C,0
12,0,137,A,1
12,0,137,A,1
12,0,137,A,1
12,0,137,B,1
12,0,137,C,1
12,0,137,B,1
12,0,137,B,1
12,0,137,A,1
12,0,137,A,1
12,0,137,B,1
12,0,137,C,1
12,0,137,B,1
12,0,137,A,1
12,0,137,A,1
12,0,137,C,1
12,0,137,C,1
13,1,118,B,1
13,1,118,A,1
13,1,118,A,1
13,1,118,B,0
13,1,118,B,1
13,1,118,C,1
13,1,118,B,1
13,1,118,C,0
13,1,118,A,1
13,1,118,A,1
13,1,118,A,1
13,1,118,A,1
13,1,118,C,0
13,1,118,A,1
13,1,118,C,1
13,1,118,A,0
13,1,118,A,1
13,1,118,A,0
13,1,118,A,1
13,1,118,A,0
13,1,118,A,0
13,1,118,B,0
13,1,118,B,1
13,1,118,A,0
13,1,118,A,1
13,1,118,A,0
13,1,118,B,1
13,1,118,C,0
13,1,118,A,0
13,1,118,A,1
13,1,118,C,1
13,1,118,A,1
13,1,118,C,1
13,1,118,A,0
13,1,118,B,1
13,1,118,A,0
13,1,118,C,0
13,1,118,B,0
13,1,118,C,1
13,1,118,A,1
13,1,118,A,1
13,1,118,B,1
13,1,118,C,0
13,1,118,B,0
13,1,118,B,1
13,1,118,A,0
13,1,118,A,1
13,1,118,B,1
13,1,118,B,1
13,1,118,B,1
13,1,118,A,1
13,1,118,C,1
13,1,118,C,0
14,0,111,B,0
14,0,111,A,0
14,0,111,B,0
14,0,111,C,1
14,0,111,C,0
14,0,111,C,1
14,0,111,A,1
14,0,111,A,1
14,0,111,A,1
14,0,111,A,0
14,0,111,A,0
14,0,111,A,1
14,0,111,B,1
14,0,111,A,1
14,0,111,B,1
14,0,111,A,1
14,0,111,A,0
14,0,111,A,1
14,0,111,B,0
14,0,111,B,1
14,0,111,B,1
14,0,111,A,0
14,0,111,A,1
14,0,111,C,1
14,0,111,C,1
14,0,111,A,1
14,0,111,A,1
14,0,111,A,1
14,0,111,A,0
14,0,111,B,0
14,0,111,C,1
14,0,111,A,1
14,0,111,A,1
14,0,111,C,1
14,0,111,C,1
14,0,111,B,1
14,0,111,A,1
14,0,111,B,1
14,0,111,A,1
14,0,111,C,0
15,0,109,A,0
15,0,109,A,1
15,0,109,A,1
15,0,109,A,1
15,0,109,B,1
15,0,109,B,1
15,0,109,C,1
15,0,109,B,1
15,0,109,B,1
15,0,109,A,1
15,0,109,A,1
15,0,109,A,1
15,0,109,B,1
15,0,109,C,1
15,0,109,A,1
15,0,109,A,1
15,0,109,B,1
15,0,109,A,1
15,0,109,B,0
15,0,109,A,0
15,0,109,B,0
15,0,109,A,1
15,0,109,A,1
15,0,109,A,1
15,0,109,B,1
15,0,109,A,1
15,0,109,C,1
15,0,109,B,1
15,0,109,A,1
15,0,109,A,0
15,0,109,B,1
15,0,109,C,1
15,0,109,C,1
15,0,109,B,0
15,0,109,B,1
15,0,109,A,1
15,0,109,C,1
15,0,109,A,1
15,0,109,A,1
15,0,109,A,1
15,0,109,A,1
15,0,109,A,1
15,0,109,B,0
15,0,109,C,0
15,0,109,B,1
15,0,109,B,1
15,0,109,A,1
15,0,109,A,1
15,0,109,A,1
15,0,109,B,1
15,0,109,C,0
15,0,109,B,0
15,0,109,A,1
15,0,109,A,1
15,0,109,C,1
15,0,109,C,1
16,1,99,B,1
16,1,99,A,1
16,1,99,A,1
16,1,99,A,1
16,1,99,A,0
16,1,99,B,1
16,1,99,B,0
16,1,99,B,0
16,1,99,B,1
16,1,99,C,1
16,1,99,A,1
16,1,99,A,1
16,1,99,A,1
16,1,99,C,0
16,1,99,A,0
16,1,99,A,1
16,1,99,A,0
16,1,99,B,0
16,1,99,A,1
16,1,99,A,1
16,1,99,A,0
16,1,99,B,1
16,1,99,A,0
16,1,99,B,0
16,1,99,B,1
16,1,99,A,0
16,1,99,A,1
16,1,99,B,0
16,1,99,B,0
16,1,99,B,0
16,1,99,A,0
16,1,99,C,1
16,1,99,C,1
16,1,99,A,0
16,1,99,B,1
16,1,99,A,1
16,1,99,B,1
16,1,99,A,0
16,1,99,A,1
16,1,99,B,1
16,1,99,B,0
16,1,99,A,1
16,1,99,C,1
16,1,99,A,0
16,1,99,A,1
16,1,99,A,1
16,1,99,A,1
16,1,99,A,1
16,1,99,A,1
16,1,99,B,1
16,1,99,B,1
16,1,99,C,0
16,1,99,A,1
16,1,99,A,1
16,1,99,B,1
16,1,99,C,1
16,1,99,A,1
16,1,99,A,0
16,1,99,A,0
17,0,114,A,1
17,0,114,A,1
17,0,114,A,1
17,0,114,B,1
17,0,114,B,0
17,0,114,B,1
17,0,114,A,1
17,0,114,A,1
17,0,114,A,1
17,0,114,B,0
17,0,114,C,1
17,0,114,A,1
17,0,114,B,0
17,0,114,A,0
17,0,114,B,1
17,0,114,A,1
17,0,114,B,0
17,0,114,A,0
17,0,114,C,0
17,0,114,B,1
17,0,114,A,1
17,0,114,B,1
17,0,114,B,0
17,0,114,A,1
17,0,114,A,1
17,0,114,A,1
17,0,114,A,1
17,0,114,A,1
17,0,114,A,0
17,0,114,B,0
17,0,114,B,1
17,0,114,A,1
17,0,114,A,1
17,0,114,C,1
17,0,114,B,1
17,0,114,A,1
17,0,114,A,0
17,0,114,C,1
18,0,82,B,1
18,0,82,A,1
18,0,82,A,1
18,0,82,A,0
18,0,82,A,1
18,0,82,A,0
18,0,82,B,1
18,0,82,B,1
18,0,82,B,1
18,0,82,C,0
18,0,82,A,1
18,0,82,A,1
18,0,82,A,1
18,0,82,A,0
18,0,82,A,0
18,0,82,A,0
18,0,82,C,1
18,0,82,A,1
18,0,82,A,0
18,0,82,A,0
18,0,82,B,0
18,0,82,A,1
18,0,82,A,1
18,0,82,B,0
18,0,82,B,0
18,0,82,C,0
18,0,82,A,1
18,0,82,B,1
18,0,82,A,1
18,0,82,B,1
18,0,82,A,1
18,0,82,A,0
18,0,82,A,1
18,0,82,A,1
18,0,82,A,1
18,0,82,C,1
18,0,82,A,1
18,0,82,B,0
18,0,82,A,1
18,0,82,A,1
18,0,82,B,1
18,0,82,A,0
18,0,82,A,0
18,0,82,C,0
18,0,82,A,1
19,0,185,A,0
19,0,185,C,1
19,0,185,B,1
19,0,185,B,1
19,0,185,C,1
19,0,185,A,1
19,0,185,B,1
19,0,185,A,1
19,0,185,A,1
19,0,185,B,1
19,0,185,A,1
19,0,185,B,1
19,0,185,A,1
19,0,185,A,1
19,0,185,B,1
19,0,185,B,1
19,0,185,C,0
19,0,185,B,1
19,0,185,A,1
19,0,185,B,1
19,0,185,B,1
19,0,185,A,1
19,0,185,B,1
19,0,185,C,1
19,0,185,A,1
19,0,185,C,1
19,0,185,B,1
19,0,185,A,1
19,0,185,A,1
19,0,185,B,1
19,0,185,B,1
19,0,185,A,1
19,0,185,A,1
19,0,185,A,1
19,0,185,A,1
19,0,185,A,1
19,0,185,B,1
19,0,185,A,1
19,0,185,A,1
19,0,185,C,1
19,0,185,C,1
19,0,185,A,1
19,0,185,B,1
19,0,185,A,1
19,0,185,A,1
20,1,156,A,0
20,1,156,A,0
20,1,156,A,1
20,1,156,A,1
20,1,156,A,1
20,1,156,B,0
20,1,156,B,1
20,1,156,C,0
20,1,156,B,1
20,1,156,B,1
20,1,156,C,0
20,1,156,A,1
20,1,156,A,1
20,1,156,A,1
20,1,156,A,1
20,1,156,A,1
20,1,156,C,0
20,1,156,A,1
20,1,156,C,0
20,1,156,A,1
20,1,156,A,1
20,1,156,A,0
20,1,156,A,0
20,1,156,B,0
20,1,156,A,1
20,1,156,A,1
20,1,156,B,1
20,1,156,A,1
20,1,156,A,0
20,1,156,A,1
20,1,156,A,1
20,1,156,C,0
20,1,156,B,0
20,1,156,C,1
20,1,156,B,1
20,1,156,C,1
20,1,156,B,1
20,1,156,B,1
20,1,156,A,0
20,1,156,A,1
20,1,156,B,0
20,1,156,C,0
20,1,156,C,0
20,1,156,A,1
20,1,156,A,1
20,1,156,C,0
20,1,156,C,1
20,1,156,A,1
20,1,156,B,1
20,1,156,A,1
20,1,156,C,0
20,1,156,B,0
20,1,156,B,1
20,1,156,C,0
20,1,156,A,1
20,1,156,A,1
20,1,156,A,1
20,1,156,A,0
20,1,156,A,1
20,1,156,B,0
20,1,156,A,1
20,1,156,A,1
20,1,156,C,1
20,1,156,C,0
20,1,156,B,0
20,1,156,B,1
20,1,156,A,0
20,1,156,A,1
20,1,156,A,1
20,1,156,B,1
20,1,156,B,1
20,1,156,B,1
20,1,156,A,1
20,1,156,A,1
20,1,156,A,0
20,1,156,C,1
20,1,156,C,1
21,1,86,B,1
21,1,86,A,1
21,1,86,A,0
21,1,86,A,0
21,1,86,B,1
21,1,86,B,0
21,1,86,B,0
21,1,86,C,0
21,1,86,C,1
21,1,86,A,1
21,1,86,A,1
21,1,86,C,0
21,1,86,A,0
21,1,86,A,0
21,1,86,A,0
21,1,86,A,0
21,1,86,B,0
21,1,86,A,1
21,1,86,A,0
21,1,86,B,0
21,1,86,A,0
21,1,86,A,1
21,1,86,A,0
21,1,86,B,1
21,1,86,A,1
21,1,86,A,0
21,1,86,B,1
21,1,86,B,0
21,1,86,A,0
21,1,86,C,0
21,1,86,B,1
21,1,86,B,0
21,1,86,B,0
21,1,86,A,1
21,1,86,B,1
21,1,86,B,1
21,1,86,C,0
21,1,86,B,1
21,1,86,A,0
21,1,86,C,0
21,1,86,A,0
21,1,86,A,1
21,1,86,C,1
21,1,86,A,0
21,1,86,A,0
21,1,86,B,1
21,1,86,A,1
21,1,86,B,0
21,1,86,A,0
21,1,86,C,0
21,1,86,B,1
21,1,86,A,0
21,1,86,A,0
21,1,86,A,0
21,1,86,A,1
21,1,86,A,1
21,1,86,B,1
21,1,86,A,1
21,1,86,B,1
21,1,86,A,0
21,1,86,C,0
21,1,86,A,0
21,1,86,C,1
21,1,86,B,1
21,1,86,C,0
21,1,86,A,1
21,1,86,A,1
21,1,86,A,0
21,1,86,A,1
21,1,86,A,0
22,1,108,A,1
22,1,108,A,1
22,1,108,A,0
22,1,108,A,1
22,1,108,A,0
22,1,108,B,1
22,1,108,C,0
22,1,108,B,1
22,1,108,B,0
22,1,108,B,0
22,1,108,B,1
22,1,108,C,1
22,1,108,A,1
22,1,108,A,1
22,1,108,A,1
22,1,108,C,1
22,1,108,A,0
22,1,108,A,0
22,1,108,B,0
22,1,108,A,1
22,1,108,A,1
22,1,108,A,1
22,1,108,B,1
22,1,108,A,0
22,1,108,B,0
22,1,108,A,1
22,1,108,A,1
22,1,108,B,1
22,1,108,A,1
22,1,108,A,1
22,1,108,A,1
22,1,108,B,0
22,1,108,B,1
22,1,108,A,0
22,1,108,C,1
22,1,108,B,1
22,1,108,C,0
22,1,108,B,1
22,1,108,B,0
22,1,108,A,1
22,1,108,A,1
22,1,108,B,1
22,1,108,C,0
22,1,108,A,1
22,1,108,C,1
22,1,108,A,0
22,1,108,B,1
22,1,108,A,1
22,1,108,B,0
22,1,108,C,1
22,1,108,B,1
22,1,108,A,0
22,1,108,C,1
22,1,108,A,1
22,1,108,A,1
22,1,108,A,0
22,1,108,A,1
22,1,108,A,1
22,1,108,A,1
22,1,108,B,0
22,1,108,A,1
22,1,108,B,0
22,1,108,C,0
22,1,108,C,0
22,1,108,A,0
22,1,108,C,1
22,1,108,B,1
22,1,108,A,0
22,1,108,A,1
22,1,108,B,0
22,1,108,B,1
22,1,108,C,0
22,1,108,A,1
22,1,108,A,1
22,1,108,A,0
22,1,108,A,1
22,1,108,C,1
23,1,106,B,1
23,1,106,A,1
23,1,106,A,1
23,1,106,C,0
23,1,106,B,1
23,1,106,C,0
23,1,106,B,1
23,1,106,C,0
23,1,106,B,0
23,1,106,A,0
23,1,106,A,0
23,1,106,B,1
23,1,106,A,1
23,1,106,A,1
23,1,106,A,1
23,1,106,B,1
23,1,106,A,0
23,1,106,A,0
23,1,106,B,0
23,1,106,A,1
23,1,106,B,0
23,1,106,A,0
23,1,106,B,0
23,1,106,B,0
23,1,106,A,1
23,1,106,A,0
23,1,106,B,1
23,1,106,A,1
23,1,106,C,1
23,1,106,B,1
23,1,106,B,0
23,1,106,A,0
23,1,106,B,0
23,1,106,A,1
23,1,106,A,1
23,1,106,A,1
23,1,106,C,1
23,1,106,C,1
23,1,106,A,1
23,1,106,C,0
23,1,106,B,0
23,1,106,C,1
23,1,106,A,1
23,1,106,B,1
23,1,106,A,1
23,1,106,B,1
23,1,106,B,1
23,1,106,A,0
23,1,106,C,0
23,1,106,A,1
23,1,106,A,0
23,1,106,B,0
23,1,106,A,1
23,1,106,A,1
23,1,106,C,1
23,1,106,B,1
23,1,106,A,1
23,1,106,B,1
23,1,106,C,0
23,1,106,B,1
23,1,106,A,1
23,1,106,A,1
23,1,106,C,0
24,1,143,A,1
24,1,143,A,1
24,1,143,A,1
24,1,143,C,1
24,1,143,A,0
24,1,143,A,0
24,1,143,A,0
24,1,143,B,1
24,1,143,B,0
24,1,143,B,1
24,1,143,B,1
24,1,143,B,0
24,1,143,A,1
24,1,143,A,1
24,1,143,A,1
24,1,143,A,1
24,1,143,A,0
24,1,143,A,0
24,1,143,B,0
24,1,143,C,1
24,1,143,A,1
24,1,143,A,1
24,1,143,A,1
24,1,143,B,1
24,1,143,B,0
24,1,143,A,1
24,1,143,B,0
24,1,143,A,1
24,1,143,B,1
24,1,143,C,0
24,1,143,B,1
24,1,143,B,0
24,1,143,A,0
24,1,143,B,1
24,1,143,C,0
24,1,143,A,1
24,1,143,B,1
24,1,143,A,1
24,1,143,B,1
24,1,143,C,1
24,1,143,A,1
24,1,143,C,0
24,1,143,B,1
24,1,143,B,1
24,1,143,B,1
24,1,143,A,0
24,1,143,A,1
24,1,143,A,1
24,1,143,A,1
24,1,143,A,1
24,1,143,A,0
24,1,143,B,0
24,1,143,A,0
24,1,143,A,1
24,1,143,C,0
24,1,143,A,1
24,1,143,B,1
24,1,143,A,1
24,1,143,A,1
24,1,143,C,1
24,1,143,B,1
24,1,143,B,1
24,1,143,A,1
24,1,143,A,1
24,1,143,A,0
24,1,143,A,0
24,1,143,C,1
24,1,143,A,0
25,1,117,A,1
25,1,117,A,1
25,1,117,A,1
25,1,117,B,0
25,1,117,B,1
25,1,117,B,0
25,1,117,B,1
25,1,117,A,1
25,1,117,A,1
25,1,117,A,1
25,1,117,A,1
25,1,117,A,1
25,1,117,C,1
25,1,117,B,0
25,1,117,C,0
25,1,117,A,1
25,1,117,A,1
25,1,117,B,0
25,1,117,A,1
25,1,117,B,1
25,1,117,A,1
25,1,117,B,0
25,1,117,A,0
25,1,117,C,1
25,1,117,C,1
25,1,117,B,1
25,1,117,A,0
25,1,117,B,1
25,1,117,A,1
25,1,117,B,1
25,1,117,B,0
25,1,117,C,1
25,1,117,A,1
25,1,117,A,1
25,1,117,A,1
25,1,117,A,1
25,1,117,A,0
25,1,117,A,0
25,1,117,A,1
25,1,117,B,1
25,1,117,B,1
25,1,117,B,1
25,1,117,A,0
25,1,117,A,1
25,1,117,B,1
25,1,117,C,0
25,1,117,B,1
25,1,117,A,1
25,1,117,A,1
25,1,117,C,1
26,1,128,A,1
26,1,128,A,1
26,1,128,A,1
26,1,128,A,1
26,1,128,A,0
26,1,128,B,0
26,1,128,C,1
26,1,128,B,1
26,1,128,B,0
26,1,128,C,1
26,1,128,A,1
26,1,128,A,0
26,1,128,A,1
26,1,128,A,1
26,1,128,A,1
26,1,128,A,1
26,1,128,B,1
26,1,128,A,1
26,1,128,A,1
26,1,128,A,1
26,1,128,A,1
26,1,128,B,0
26,1,128,C,1
26,1,128,B,1
26,1,128,B,0
26,1,128,B,0
26,1,128,A,1
26,1,128,A,1
26,1,128,B,1
26,1,128,C,0
26,1,128,C,1
26,1,128,A,1
26,1,128,A,1
26,1,128,B,0
26,1,128,C,1
26,1,128,A,1
26,1,128,A,1
26,1,128,A,0
26,1,128,A,1
26,1,128,C,1
26,1,128,C,0
26,1,128,A,1
26,1,128,C,0
26,1,128,B,0
26,1,128,A,0
26,1,128,A,1
26,1,128,B,0
26,1,128,A,1
26,1,128,A,0
26,1,128,A,1
26,1,128,C,0
27,0,119,C,1
27,0,119,A,0
27,0,119,A,1
27,0,119,B,0
27,0,119,B,1
27,0,119,C,1
27,0,119,A,0
27,0,119,A,1
27,0,119,A,1
27,0,119,A,1
27,0,119,A,1
27,0,119,B,1
27,0,119,B,0
27,0,119,B,1
27,0,119,A,1
27,0,119,B,1
27,0,119,B,1
27,0,119,A,1
27,0,119,A,0
27,0,119,A,1
27,0,119,A,1
27,0,119,A,1
27,0,119,C,0
27,0,119,A,0
27,0,119,C,1
27,0,119,A,1
27,0,119,B,1
27,0,119,A,1
27,0,119,A,0
28,0,119,A,0
28,0,119,B,1
28,0,119,C,1
28,0,119,A,0
28,0,119,B,1
28,0,119,A,1
28,0,119,B,1
28,0,119,A,1
28,0,119,B,1
28,0,119,A,1
28,0,119,A,1
28,0,119,B,1
28,0,119,C,1
28,0,119,B,0
28,0,119,A,1
28,0,119,B,0
28,0,119,B,1
28,0,119,B,1
28,0,119,C,0
28,0,119,A,1
28,0,119,C,0
28,0,119,A,1
28,0,119,A,1
28,0,119,B,1
28,0,119,B,1
28,0,119,A,0
28,0,119,A,0
28,0,119,A,1
28,0,119,A,1
28,0,119,A,1
28,0,119,B,1
28,0,119,A,1
28,0,119,C,0
28,0,119,C,0
28,0,119,A,1
28,0,119,A,0
28,0,119,A,1
29,0,161,A,1
29,0,161,B,1
29,0,161,C,1
29,0,161,A,1
29,0,161,A,1
29,0,161,B,1
29,0,161,A,1
29,0,161,A,1
29,0,161,A,1
29,0,161,C,1
29,0,161,C,1
29,0,161,B,0
29,0,161,C,1
29,0,161,C,1
29,0,161,B,1
29,0,161,A,1
29,0,161,B,1
29,0,161,C,1
30,0,113,B,1
30,0,113,A,0
30,0,113,A,1
30,0,113,B,1
30,0,113,B,0
30,0,113,C,1
30,0,113,A,1
30,0,113,A,1
30,0,113,A,1
30,0,113,A,1
30,0,113,B,0
30,0,113,C,1
30,0,113,A,1
30,0,113,A,0
30,0,113,B,1
30,0,113,A,1
30,0,113,A,1
30,0,113,B,0
30,0,113,A,0
30,0,113,B,1
30,0,113,B,1
30,0,113,A,1
30,0,113,C,0
30,0,113,B,0
30,0,113,B,1
30,0,113,A,1
30,0,113,B,1
30,0,113,A,1
30,0,113,C,1
30,0,113,A,1
30,0,113,C,1
30,0,113,A,1
30,0,113,B,0
30,0,113,A,1
30,0,113,B,1
30,0,113,A,1
30,0,113,A,1
30,0,113,A,1
30,0,113,A,1
30,0,113,B,1
30,0,113,A,1
30,0,113,B,1
30,0,113,A,1
30,0,113,C,1
30,0,113,B,1
30,0,113,A,1
30,0,113,A,1
30,0,113,A,1
30,0,113,C,1
31,1,165,A,1
31,1,165,A,0
31,1,165,A,1
31,1,165,C,1
31,1,165,B,1
31,1,165,B,1
31,1,165,C,1
31,1,165,B,1
31,1,165,B,0
31,1,165,C,1
31,1,165,A,1
31,1,165,A,1
31,1,165,A,1
31,1,165,B,0
31,1,165,C,1
31,1,165,A,0
31,1,165,A,1
31,1,165,A,0
31,1,165,A,1
31,1,165,B,1
31,1,165,A,1
31,1,165,B,0
31,1,165,A,1
31,1,165,B,1
31,1,165,A,1
31,1,165,A,0
31,1,165,B,0
31,1,165,A,0
31,1,165,B,1
31,1,165,A,1
31,1,165,C,0
31,1,165,B,1
31,1,165,A,1
31,1,165,B,0
31,1,165,B,1
31,1,165,A,0
31,1,165,B,1
31,1,165,A,1
31,1,165,C,1
31,1,165,C,1
31,1,165,A,1
31,1,165,C,1
31,1,165,B,1
31,1,165,C,1
31,1,165,A,1
31,1,165,A,0
31,1,165,B,0
31,1,165,B,1
31,1,165,B,1
31,1,165,A,1
31,1,165,C,1
31,1,165,A,0
31,1,165,A,1
31,1,165,A,1
31,1,165,A,1
31,1,165,A,1
31,1,165,B,1
31,1,165,A,1
31,1,165,A,1
31,1,165,C,1
31,1,165,C,1
31,1,165,B,1
31,1,165,B,1
31,1,165,A,1
31,1,165,A,1
31,1,165,B,1
31,1,165,C,0
31,1,165,B,1
31,1,165,A,1
31,1,165,B,1
31,1,165,A,1
31,1,165,A,1
31,1,165,A,1
31,1,165,C,1
31,1,165,C,0
32,1,74,A,0
32,1,74,A,1
32,1,74,B,1
32,1,74,A,1
32,1,74,A,1
32,1,74,C,1
32,1,74,B,1
32,1,74,A,1
32,1,74,B,1
32,1,74,A,1
32,1,74,A,1
32,1,74,A,1
33,1,138,B,0
33,1,138,B,0
33,1,138,C,1
33,1,138,A,1
33,1,138,A,1
33,1,138,C,1
33,1,138,A,0
33,1,138,A,1
33,1,138,A,0
33,1,138,A,1
33,1,138,B,1
33,1,138,A,1
33,1,138,B,0
33,1,138,C,1
33,1,138,A,1
33,1,138,A,1
33,1,138,A,1
33,1,138,B,1
33,1,138,A,1
33,1,138,C,1
33,1,138,A,1
33,1,138,B,1
33,1,138,B,1
34,1,124,B,1
34,1,124,B,0
34,1,124,C,1
34,1,124,A,1
34,1,124,A,1
34,1,124,C,1
34,1,124,B,0
34,1,124,A,1
34,1,124,A,1
34,1,124,B,0
34,1,124,A,1
34,1,124,A,1
34,1,124,B,0
34,1,124,B,0
34,1,124,A,0
34,1,124,B,1
34,1,124,C,1
34,1,124,B,1
34,1,124,A,1
34,1,124,A,1
34,1,124,B,1
34,1,124,A,1
34,1,124,B,1
34,1,124,C,1
34,1,124,A,0
34,1,124,A,1
34,1,124,A,1
34,1,124,A,1
34,1,124,A,1
34,1,124,B,1
34,1,124,A,1
34,1,124,B,0
34,1,124,C,1
34,1,124,B,1
34,1,124,C,1
34,1,124,A,1
34,1,124,A,0
35,0,126,B,0
35,0,126,A,1
35,0,126,A,0
35,0,126,A,0
35,0,126,B,1
35,0,126,B,1
35,0,126,B,0
35,0,126,B,0
35,0,126,C,1
35,0,126,A,1
35,0,126,A,1
35,0,126,A,1
35,0,126,A,1
35,0,126,C,1
35,0,126,A,1
35,0,126,A,0
35,0,126,A,1
35,0,126,B,0
35,0,126,C,1
35,0,126,A,1
35,0,126,A,1
35,0,126,A,1
35,0,126,A,1
35,0,126,B,1
35,0,126,A,0
35,0,126,B,0
35,0,126,B,0
35,0,126,A,0
35,0,126,B,0
35,0,126,B,1
35,0,126,B,0
35,0,126,A,1
35,0,126,C,1
35,0,126,A,1
35,0,126,A,1
35,0,126,A,1
35,0,126,B,1
35,0,126,B,0
35,0,126,A,1
35,0,126,C,0
35,0,126,A,1
35,0,126,A,1
35,0,126,A,1
35,0,126,A,1
35,0,126,A,1
35,0,126,B,1
35,0,126,B,0
35,0,126,C,0
35,0,126,A,1
35,0,126,B,0
35,0,126,A,1
35,0,126,B,1
35,0,126,C,0
35,0,126,B,1
35,0,126,A,1
35,0,126,A,0
35,0,126,A,1
35,0,126,C,1
35,0,126,A,1
36,0,131,A,1
36,0,131,A,1
36,0,131,C,1
36,0,131,A,1
36,0,131,B,1
36,0,131,B,1
36,0,131,B,1
36,0,131,B,1
36,0,131,C,1
36,0,131,A,1
36,0,131,A,1
36,0,131,A,1
36,0,131,A,1
36,0,131,A,1
36,0,131,C,1
36,0,131,C,1
36,0,131,A,1
36,0,131,A,0
36,0,131,A,1
36,0,131,A,1
36,0,131,A,1
36,0,131,A,1
36,0,131,B,0
36,0,131,C,1
36,0,131,B,1
36,0,131,C,1
36,0,131,A,1
36,0,131,B,1
36,0,131,B,1
36,0,131,A,1
36,0,131,B,1
36,0,131,A,1
36,0,131,B,1
36,0,131,A,1
36,0,131,B,1
36,0,131,A,1
36,0,131,C,1
36,0,131,A,0
36,0,131,A,1
36,0,131,A,1
36,0,131,A,1
36,0,131,A,1
36,0,131,B,1
36,0,131,A,1
36,0,131,A,1
36,0,131,C,1
36,0,131,B,1
36,0,131,A,0
36,0,131,A,1
36,0,131,B,1
36,0,131,B,1
36,0,131,A,1
36,0,131,B,1
36,0,131,A,1
36,0,131,C,1
37,1,105,B,0
37,1,105,A,1
37,1,105,A,1
37,1,105,A,1
37,1,105,A,0
37,1,105,A,1
37,1,105,A,1
37,1,105,B,1
37,1,105,C,0
37,1,105,B,1
37,1,105,B,1
37,1,105,B,1
37,1,105,C,0
37,1,105,C,0
37,1,105,A,1
37,1,105,A,1
37,1,105,A,1
37,1,105,A,1
37,1,105,A,0
37,1,105,B,0
37,1,105,A,1
37,1,105,A,1
37,1,105,B,0
37,1,105,A,1
37,1,105,A,1
37,1,105,A,0
37,1,105,B,0
37,1,105,A,0
37,1,105,B,0
37,1,105,A,0
37,1,105,A,1
37,1,105,B,0
37,1,105,B,0
37,1,105,A,0
37,1,105,A,1
37,1,105,A,1
37,1,105,A,0
37,1,105,C,0
37,1,105,B,0
37,1,105,B,0
37,1,105,B,0
37,1,105,A,1
37,1,105,B,1
37,1,105,C,1
37,1,105,B,1
37,1,105,B,0
37,1,105,A,0
37,1,105,B,1
37,1,105,A,1
37,1,105,A,1
37,1,105,B,1
37,1,105,C,0
37,1,105,C,1
37,1,105,A,1
37,1,105,C,1
37,1,105,C,1
37,1,105,A,1
37,1,105,A,1
37,1,105,A,1
37,1,105,B,1
37,1,105,A,1
37,1,105,B,0
37,1,105,B,1
37,1,105,A,1
37,1,105,C,0
37,1,105,A,1
37,1,105,A,1
37,1,105,A,0
37,1,105,A,0
37,1,105,A,1
37,1,105,A,1
37,1,105,B,0
37,1,105,A,1
37,1,105,C,1
37,1,105,C,0
37,1,105,A,0
37,1,105,C,1
37,1,105,B,1
37,1,105,A,1
37,1,105,A,1
37,1,105,B,1
37,1,105,C,0
37,1,105,A,1
37,1,105,A,1
37,1,105,A,1
37,1,105,A,1
37,1,105,A,0
37,1,105,C,1
38,0,110,A,1
38,0,110,A,0
38,0,110,A,1
38,0,110,A,1
38,0,110,B,0
38,0,110,B,0
38,0,110,B,1
38,0,110,C,1
38,0,110,A,1
38,0,110,A,0
38,0,110,A,1
38,0,110,B,0
38,0,110,A,1
38,0,110,B,0
38,0,110,A,1
38,0,110,A,0
38,0,110,B,1
38,0,110,A,1
38,0,110,B,0
38,0,110,B,1
38,0,110,A,0
38,0,110,C,1
38,0,110,B,0
38,0,110,B,1
38,0,110,B,1
38,0,110,A,1
38,0,110,B,1
38,0,110,A,1
38,0,110,A,1
38,0,110,B,1
38,0,110,A,1
38,0,110,A,1
38,0,110,A,0
38,0,110,A,1
38,0,110,A,1
38,0,110,A,1
38,0,110,A,1
38,0,110,B,0
38,0,110,C,0
38,0,110,A,0
38,0,110,C,1
38,0,110,A,1
38,0,110,C,0
38,0,110,A,1
38,0,110,A,1
38,0,110,A,0
38,0,110,A,0
39,0,89,B,1
39,0,89,C,1
39,0,89,C,1
39,0,89,A,0
39,0,89,A,1
39,0,89,A,1
39,0,89,A,1
39,0,89,A,1
39,0,89,B,0
39,0,89,A,0
39,0,89,B,1
39,0,89,B,1
39,0,89,B,1
39,0,89,A,1
39,0,89,A,0
39,0,89,A,1
39,0,89,A,1
39,0,89,A,1
39,0,89,A,1
39,0,89,A,1
39,0,89,C,1
39,0,89,A,1
40,0,88,B,1
40,0,88,A,1
40,0,88,C,0
40,0,88,A,1
40,0,88,A,1
40,0,88,B,0
40,0,88,C,1
40,0,88,B,1
40,0,88,A,0
40,0,88,A,1
40,0,88,A,0
40,0,88,A,1
40,0,88,A,0
40,0,88,A,1
40,0,88,B,1
40,0,88,A,1
40,0,88,A,0
40,0,88,B,1
40,0,88,A,1
40,0,88,B,1
40,0,88,C,1
40,0,88,B,1
40,0,88,B,1
40,0,88,B,0
40,0,88,A,1
40,0,88,A,1
40,0,88,C,1
40,0,88,A,0
40,0,88,C,1
40,0,88,B,1
40,0,88,A,0
40,0,88,A,0
40,0,88,B,0
40,0,88,A,1
40,0,88,A,1
40,0,88,C,0
40,0,88,A,0
40,0,88,B,1
40,0,88,A,0
40,0,88,A,0
40,0,88,A,1
41,0,129,B,1
41,0,129,A,1
41,0,129,C,1
41,0,129,B,1
41,0,129,B,0
41,0,129,C,0
41,0,129,B,1
41,0,129,A,1
41,0,129,A,1
41,0,129,C,1
41,0,129,A,1
41,0,129,A,1
41,0,129,B,1
41,0,129,A,1
41,0,129,A,1
41,0,129,A,1
41,0,129,B,1
41,0,129,A,1
41,0,129,A,1
41,0,129,B,1
41,0,129,A,0
41,0,129,B,0
41,0,129,B,1
41,0,129,A,1
41,0,129,B,1
41,0,129,C,0
41,0,129,B,1
41,0,129,B,0
41,0,129,A,1
41,0,129,B,1
41,0,129,C,1
41,0,129,A,1
41,0,129,A,0
41,0,129,C,1
41,0,129,A,1
41,0,129,A,1
41,0,129,C,1
41,0,129,B,1
41,0,129,A,1
41,0,129,B,1
41,0,129,B,1
41,0,129,A,1
41,0,129,C,1
41,0,129,B,0
41,0,129,A,0
41,0,129,A,0
41,0,129,A,1
41,0,129,A,1
41,0,129,B,1
41,0,129,B,0
41,0,129,A,1
41,0,129,A,1
41,0,129,B,1
41,0,129,C,1
41,0,129,B,1
41,0,129,A,1
41,0,129,A,1
42,0,133,A,1
42,0,133,B,1
42,0,133,C,1
42,0,133,B,0
42,0,133,B,1
42,0,133,A,1
42,0,133,B,1
42,0,133,A,1
42,0,133,B,1
42,0,133,A,1
42,0,133,B,1
42,0,133,A,1
42,0,133,A,1
42,0,133,B,1
42,0,133,A,0
42,0,133,A,1
42,0,133,C,1
42,0,133,C,1
42,0,133,B,1
42,0,133,B,1
42,0,133,A,1
42,0,133,C,1
42,0,133,A,1
42,0,133,A,1
42,0,133,B,0
42,0,133,C,1
42,0,133,B,1
42,0,133,A,0
42,0,133,B,1
42,0,133,C,0
42,0,133,A,1
42,0,133,C,0
43,0,122,B,1
43,0,122,A,1
43,0,122,A,1
43,0,122,A,1
43,0,122,B,0
43,0,122,C,1
43,0,122,B,1
43,0,122,B,1
43,0,122,C,1
43,0,122,A,0
43,0,122,A,0
43,0,122,A,1
43,0,122,B,1
43,0,122,A,1
43,0,122,A,1
43,0,122,A,1
43,0,122,B,1
43,0,122,A,1
43,0,122,B,1
43,0,122,A,0
43,0,122,B,1
43,0,122,B,1
43,0,122,A,1
43,0,122,A,0
43,0,122,A,0
43,0,122,B,0
43,0,122,B,0
43,0,122,B,1
43,0,122,A,0
43,0,122,A,1
43,0,122,A,1
43,0,122,C,1
43,0,122,C,1
43,0,122,A,1
43,0,122,B,1
43,0,122,A,1
43,0,122,B,1
43,0,122,A,0
43,0,122,C,1
43,0,122,A,0
43,0,122,A,0
43,0,122,B,0
43,0,122,C,0
43,0,122,C,0
43,0,122,A,1
43,0,122,B,1
43,0,122,A,0
43,0,122,B,1
43,0,122,C,1
43,0,122,A,1
43,0,122,A,0
43,0,122,A,1
43,0,122,C,1
44,0,148,B,0
44,0,148,A,1
44,0,148,C,1
44,0,148,C,1
44,0,148,B,1
44,0,148,A,1
44,0,148,A,0
44,0,148,A,1
44,0,148,A,1
44,0,148,B,1
44,0,148,A,1
44,0,148,A,1
44,0,148,B,1
44,0,148,A,1
44,0,148,B,1
44,0,148,C,1
44,0,148,B,1
44,0,148,B,0
44,0,148,A,1
44,0,148,A,0
44,0,148,C,1
44,0,148,A,1
44,0,148,C,0
44,0,148,B,1
44,0,148,A,1
44,0,148,A,1
44,0,148,B,0
44,0,148,A,1
44,0,148,A,1
44,0,148,B,1
44,0,148,A,0
45,0,182,A,0
45,0,182,A,1
45,0,182,B,1
45,0,182,C,1
45,0,182,A,1
45,0,182,A,1
45,0,182,A,1
45,0,182,A,1
45,0,182,C,1
45,0,182,B,1
45,0,182,B,1
45,0,182,B,1
45,0,182,A,1
45,0,182,B,1
45,0,182,A,1
45,0,182,A,1
45,0,182,A,1
45,0,182,A,1
45,0,182,A,1
45,0,182,A,1
45,0,182,C,1
45,0,182,A,1
45,0,182,A,1
46,0,105,A,1
46,0,105,A,1
46,0,105,A,0
46,0,105,A,0
46,0,105,B,0
46,0,105,C,1
46,0,105,B,0
46,0,105,C,1
46,0,105,A,1
46,0,105,A,0
46,0,105,A,0
46,0,105,A,1
46,0,105,A,1
46,0,105,B,0
46,0,105,A,1
46,0,105,A,0
46,0,105,B,1
46,0,105,A,1
46,0,105,A,1
46,0,105,A,1
46,0,105,C,0
46,0,105,B,0
46,0,105,B,1
46,0,105,B,1
46,0,105,B,1
46,0,105,A,1
46,0,105,C,0
46,0,105,C,0
46,0,105,A,1
46,0,105,C,1
46,0,105,C,0
46,0,105,A,1
46,0,105,A,1
46,0,105,B,1
46,0,105,B,1
46,0,105,C,0
46,0,105,A,1
46,0,105,A,1
46,0,105,A,1
46,0,105,C,1
46,0,105,C,0
46,0,105,A,1
46,0,105,C,1
46,0,105,B,1
46,0,105,A,0
46,0,105,B,1
46,0,105,A,1
46,0,105,A,1
46,0,105,A,1
46,0,105,A,0
46,0,105,C,1
47,0,51,C,0
47,0,51,B,0
47,0,51,B,1
47,0,51,B,1
47,0,51,A,1
47,0,51,B,1
47,0,51,A,1
47,0,51,B,0
47,0,51,B,1
47,0,51,B,0
47,0,51,A,0
47,0,51,A,1
47,0,51,B,0
47,0,51,B,0
47,0,51,A,0
47,0,51,A,0
47,0,51,A,0
47,0,51,B,1
47,0,51,A,1
47,0,51,C,0
47,0,51,B,1
47,0,51,A,0
48,0,150,A,1
48,0,150,B,1
48,0,150,B,1
48,0,150,A,1
48,0,150,A,1
48,0,150,C,1
48,0,150,A,0
48,0,150,B,0
48,0,150,A,1
48,0,150,A,1
48,0,150,B,1
48,0,150,B,1
48,0,150,A,1
48,0,150,B,1
48,0,150,C,1
48,0,150,B,0
48,0,150,A,1
48,0,150,B,1
48,0,150,C,1
48,0,150,C,1
48,0,150,A,0
48,0,150,A,1
48,0,150,C,0
48,0,150,B,1
48,0,150,B,0
48,0,150,C,0
48,0,150,B,1
48,0,150,A,1
48,0,150,A,0
48,0,150,A,0
48,0,150,A,1
48,0,150,B,1
48,0,150,B,1
48,0,150,A,1
48,0,150,B,1
48,0,150,C,1
48,0,150,A,1
48,0,150,A,1
49,0,99,B,0
49,0,99,C,1
49,0,99,A,1
49,0,99,A,1
49,0,99,C,1
49,0,99,A,1
49,0,99,A,1
49,0,99,A,1
49,0,99,B,1
49,0,99,C,0
49,0,99,B,1
49,0,99,A,1
49,0,99,A,1
49,0,99,B,0
49,0,99,A,1
49,0,99,C,1
49,0,99,A,1
49,0,99,A,1
49,0,99,B,1
49,0,99,A,1
49,0,99,C,1
49,0,99,B,1
49,0,99,A,1
50,1,99,B,0
50,1,99,A,0
50,1,99,A,1
50,1,99,A,1
50,1,99,A,0
50,1,99,B,1
50,1,99,B,1
50,1,99,C,0
50,1,99,B,0
50,1,99,B,1
50,1,99,C,0
50,1,99,A,1
50,1,99,A,1
50,1,99,A,1
50,1,99,A,0
50,1,99,B,1
50,1,99,C,1
50,1,99,A,1
50,1,99,A,0
50,1,99,A,1
50,1,99,A,0
50,1,99,B,1
50,1,99,A,1
50,1,99,B,0
50,1,99,A,0
50,1,99,B,0
50,1,99,B,0
50,1,99,A,1
50,1,99,A,0
50,1,99,A,1
50,1,99,A,1
50,1,99,B,0
50,1,99,B,0
50,1,99,A,1
50,1,99,C,1
50,1,99,A,0
50,1,99,B,1
50,1,99,A,0
50,1,99,A,1
50,1,99,B,1
50,1,99,C,0
50,1,99,C,1
50,1,99,A,1
50,1,99,B,1
50,1,99,A,1
50,1,99,B,1
50,1,99,A,1
50,1,99,C,0
50,1,99,A,1
50,1,99,A,1
50,1,99,A,1
50,1,99,A,1
50,1,99,A,1
50,1,99,B,1
50,1,99,C,1
50,1,99,B,0
50,1,99,B,1
50,1,99,A,0
50,1,99,A,1
50,1,99,A,1
50,1,99,B,1
50,1,99,C,0
50,1,99,B,1
50,1,99,A,1
50,1,99,A,1
50,1,99,C,1
50,1,99,C,0
