PersonID,CourseID,Weather,Y
1,3,B,1
1,9,A,1
1,1,C,1
1,9,A,1
1,7,B,1
1,9,B,1
1,3,C,0
1,1,B,1
1,9,A,1
1,7,A,1
1,7,A,1
1,7,C,1
1,3,A,1
1,7,A,1
1,1,A,1
1,3,A,1
1,3,A,0
1,3,B,1
1,3,A,1
1,9,A,1
1,1,B,1
1,3,B,1
1,9,C,0
1,7,C,1
1,1,A,1
1,3,A,1
1,9,B,1
1,9,A,1
1,9,B,1
1,7,A,1
1,1,B,1
1,3,A,1
1,7,B,1
1,3,A,0
1,7,C,0
1,9,A,1
1,9,A,1
1,7,A,1
1,7,B,1
1,1,A,1
1,9,A,1
1,7,B,1
1,1,B,1
2,8,A,1
2,9,A,1
2,10,A,1
2,1,C,1
2,9,A,0
2,10,B,1
2,7,B,1
2,9,B,1
2,1,B,0
2,10,A,1
2,9,A,1
2,7,A,1
2,7,A,1
2,10,A,1
2,7,C,1
2,8,A,0
2,10,C,1
2,10,A,1
2,7,A,0
2,8,A,0
2,1,A,1
2,8,B,0
2,9,A,1
2,1,B,1
2,8,C,1
2,8,B,0
2,9,C,1
2,7,C,1
2,1,A,1
2,9,B,1
2,9,A,1
2,9,B,1
2,8,C,0
2,8,A,1
2,7,A,1
2,8,C,0
2,1,B,1
2,7,B,1
2,7,C,1
2,8,B,1
2,10,A,1
2,9,A,0
2,9,A,1
2,7,A,1
2,7,B,1
2,8,A,0
2,1,A,0
2,10,B,1
2,9,A,0
2,10,A,1
2,7,B,1
2,10,B,0
2,1,B,1
2,10,A,1
2,8,A,0
2,10,C,0
3,8,A,1
3,10,A,1
3,1,C,1
3,10,B,1
3,1,B,1
3,10,A,1
3,10,A,1
3,8,A,1
3,10,C,1
3,10,A,0
3,8,A,1
3,1,A,1
3,8,B,0
3,1,B,1
3,8,C,0
3,8,B,0
3,1,A,1
3,8,C,0
3,8,A,0
3,8,C,1
3,1,B,1
3,8,B,0
3,10,A,1
3,8,A,1
3,1,A,1
3,10,B,1
3,10,A,1
3,10,B,1
3,1,B,1
3,10,A,1
3,8,A,0
3,10,C,1
4,8,A,0
4,6,A,1
4,6,A,0
4,7,B,1
4,6,B,0
4,4,C,1
4,7,A,1
4,7,A,1
4,7,C,1
4,8,A,1
4,6,A,0
4,6,A,1
4,7,A,1
4,8,A,0
4,8,B,1
4,4,A,1
4,4,A,1
4,8,C,0
4,6,B,1
4,8,B,1
4,4,B,1
4,7,C,1
4,4,B,0
4,8,C,1
4,8,A,1
4,7,A,1
4,8,C,0
4,4,A,1
4,7,B,1
4,4,A,1
4,7,C,0
4,8,B,1
4,7,A,1
4,4,A,1
4,7,B,1
4,4,A,1
4,8,A,0
4,6,C,1
4,6,A,1
4,4,C,1
4,7,B,1
4,4,A,1
4,8,A,1
4,6,A,0
4,6,A,0
5,1,C,1
5,2,B,0
5,1,B,0
5,4,C,1
5,2,B,0
5,1,A,1
5,4,A,1
5,2,B,1
5,4,A,1
5,2,A,1
5,2,B,1
5,1,B,1
5,2,B,0
5,2,A,0
5,4,B,1
5,1,A,1
5,4,B,1
5,1,B,0
5,4,A,1
5,4,A,1
5,2,B,0
5,2,A,0
5,2,A,1
5,2,A,0
5,4,A,1
5,4,A,1
5,2,B,0
5,1,A,1
5,4,C,1
5,2,C,1
5,4,A,1
5,1,B,1
5,2,A,1
6,5,A,1
6,9,A,1
6,10,A,1
6,1,C,1
6,9,A,1
6,5,B,1
6,10,B,1
6,5,C,1
6,9,B,1
6,1,B,1
6,4,C,1
6,10,A,1
6,9,A,1
6,10,A,1
6,10,C,1
6,10,A,1
6,1,A,1
6,5,A,1
6,4,A,1
6,5,A,1
6,5,B,1
6,4,A,1
6,5,A,0
6,9,A,1
6,1,B,1
6,5,A,1
6,9,C,1
6,4,B,1
6,1,A,1
6,4,B,1
6,9,B,1
6,5,A,1
6,9,A,1
6,9,B,1
6,5,C,1
6,1,B,1
6,5,C,1
6,4,A,1
6,4,A,1
6,5,B,1
6,5,C,1
6,10,A,1
6,9,A,1
6,9,A,1
6,4,A,1
6,4,A,1
6,1,A,1
6,5,C,1
6,4,C,1
6,5,B,1
6,10,B,1
6,5,A,1
6,9,A,1
6,10,A,1
6,5,B,1
6,10,B,1
6,4,A,1
6,1,B,1
6,10,A,1
6,10,C,1
6,5,C,1
7,8,A,1
7,7,B,1
7,2,B,0
7,4,C,1
7,7,A,1
7,7,A,1
7,7,C,0
7,8,A,1
7,2,B,0
7,7,A,1
7,8,A,1
7,8,B,1
7,4,A,1
7,2,B,0
7,4,A,1
7,2,A,0
7,2,B,1
7,8,C,1
7,2,B,0
7,2,A,1
7,8,B,0
7,4,B,1
7,7,C,1
7,4,B,1
7,8,C,1
7,8,A,1
7,7,A,1
7,8,C,0
7,4,A,1
7,7,B,1
7,4,A,1
7,2,B,1
7,7,C,1
7,8,B,0
7,2,A,0
7,2,A,0
7,2,A,0
7,7,A,1
7,4,A,1
7,7,B,1
7,4,A,1
7,2,B,0
7,8,A,1
7,4,C,1
7,7,B,1
7,2,C,1
7,4,A,1
7,8,A,0
7,2,A,1
8,3,B,1
8,8,A,0
8,10,A,1
8,1,C,0
8,6,A,1
8,6,A,0
8,10,B,1
8,7,B,1
8,6,B,0
8,3,C,0
8,1,B,0
8,4,C,1
8,10,A,1
8,7,A,1
8,7,A,1
8,10,A,0
8,7,C,1
8,8,A,0
8,6,A,0
8,6,A,0
8,3,A,1
8,10,C,1
8,10,A,1
8,7,A,1
8,8,A,1
8,1,A,1
8,8,B,1
8,3,A,0
8,4,A,1
8,3,A,0
8,4,A,1
8,3,B,0
8,3,A,1
8,1,B,1
8,8,C,0
8,6,B,0
8,3,B,1
8,8,B,1
8,4,B,1
8,7,C,0
8,1,A,1
8,4,B,1
8,3,A,1
8,8,C,1
8,8,A,1
8,7,A,1
8,8,C,1
8,1,B,1
8,3,A,0
8,4,A,1
8,7,B,0
8,4,A,1
8,3,A,0
8,7,C,1
8,8,B,1
8,10,A,1
8,7,A,1
8,4,A,1
8,7,B,0
8,4,A,1
8,8,A,0
8,1,A,0
8,6,C,0
8,6,A,0
8,4,C,0
8,10,B,1
8,10,A,1
8,7,B,1
8,10,B,1
8,4,A,1
8,1,B,0
8,10,A,1
8,8,A,1
8,6,A,0
8,10,C,0
8,6,A,0
9,3,B,1
9,9,A,1
9,10,A,1
9,1,C,1
9,6,A,1
9,9,A,1
9,6,A,0
9,10,B,1
9,6,B,0
9,2,B,1
9,9,B,1
9,3,C,1
9,1,B,1
9,4,C,1
9,10,A,1
9,9,A,1
9,10,A,1
9,6,A,1
9,6,A,0
9,3,A,1
9,2,B,1
9,10,C,1
9,10,A,1
9,1,A,0
9,3,A,0
9,4,A,1
9,3,A,1
9,2,B,0
9,4,A,1
9,2,A,1
9,2,B,1
9,3,B,0
9,3,A,1
9,9,A,1
9,1,B,1
9,2,B,0
9,6,B,1
9,3,B,0
9,2,A,1
9,9,C,1
9,4,B,1
9,1,A,1
9,4,B,1
9,3,A,1
9,9,B,1
9,9,A,1
9,9,B,1
9,1,B,1
9,3,A,1
9,4,A,1
9,4,A,1
9,2,B,1
9,3,A,1
9,2,A,0
9,10,A,1
9,9,A,1
9,9,A,1
9,2,A,1
9,2,A,0
9,4,A,0
9,4,A,1
9,2,B,1
9,1,A,1
9,6,C,0
9,6,A,1
9,4,C,1
9,10,B,1
9,9,A,1
9,10,A,1
9,2,C,1
9,10,B,1
9,4,A,1
9,1,B,1
9,10,A,1
9,2,A,1
9,6,A,0
9,10,C,1
9,6,A,0
10,3,B,1
10,8,A,1
10,5,A,0
10,10,A,1
10,5,B,1
10,10,B,1
10,5,C,1
10,3,C,0
10,4,C,0
10,10,A,1
10,10,A,1
10,8,A,1
10,3,A,1
10,10,C,1
10,10,A,1
10,8,A,1
10,5,A,1
10,8,B,1
10,3,A,1
10,4,A,1
10,3,A,1
10,5,A,0
10,5,B,1
10,4,A,1
10,3,B,1
10,5,A,1
10,3,A,1
10,5,A,1
10,8,C,1
10,3,B,0
10,8,B,1
10,4,B,1
10,4,B,1
10,3,A,1
10,5,A,1
10,8,C,1
10,5,C,0
10,8,A,1
10,8,C,1
10,5,C,1
10,3,A,1
10,4,A,1
10,4,A,1
10,3,A,1
10,5,B,1
10,8,B,1
10,5,C,1
10,10,A,1
10,4,A,1
10,4,A,1
10,8,A,1
10,5,C,0
10,4,C,1
10,5,B,1
10,10,B,1
10,5,A,1
10,10,A,1
10,5,B,1
10,10,B,1
10,4,A,1
10,10,A,1
10,8,A,1
10,10,C,1
10,5,C,1
11,8,A,1
11,6,A,1
11,6,A,0
11,7,B,1
11,6,B,0
11,7,A,1
11,7,A,1
11,7,C,0
11,8,A,0
11,6,A,1
11,6,A,0
11,7,A,0
11,8,A,1
11,8,B,0
11,8,C,0
11,6,B,0
11,8,B,1
11,7,C,1
11,8,C,1
11,8,A,1
11,7,A,0
11,8,C,1
11,7,B,0
11,7,C,1
11,8,B,0
11,7,A,1
11,7,B,1
11,8,A,1
11,6,C,0
11,6,A,0
11,7,B,1
11,8,A,1
11,6,A,0
11,6,A,0
12,5,A,1
12,10,A,1
12,5,B,1
12,10,B,1
12,5,C,0
12,2,B,0
12,10,A,0
12,10,A,1
12,2,B,0
12,10,C,1
12,10,A,1
12,5,A,1
12,2,B,0
12,5,A,1
12,5,B,0
12,2,A,0
12,2,B,1
12,5,A,1
12,5,A,0
12,2,B,0
12,2,A,1
12,5,A,0
12,5,C,1
12,5,C,0
12,2,B,1
12,5,B,0
12,2,A,0
12,5,C,0
12,10,A,1
12,2,A,1
12,2,A,1
12,2,B,1
12,5,C,1
12,5,B,1
12,10,B,1
12,5,A,1
12,10,A,1
12,5,B,1
12,2,C,1
12,10,B,1
12,10,A,1
12,2,A,1
12,10,C,1
12,5,C,1
13,3,B,1
13,5,A,1
13,10,A,1
13,5,B,0
13,10,B,1
13,5,C,1
13,7,B,1
13,3,C,0
13,10,A,1
13,7,A,1
13,7,A,1
13,10,A,1
13,7,C,0
13,3,A,1
13,10,C,1
13,10,A,0
13,7,A,1
13,5,A,0
13,3,A,1
13,3,A,0
13,5,A,0
13,5,B,0
13,3,B,1
13,5,A,0
13,3,A,1
13,5,A,0
13,3,B,1
13,7,C,0
13,3,A,0
13,5,A,1
13,5,C,1
13,7,A,1
13,5,C,1
13,3,A,0
13,7,B,1
13,3,A,0
13,7,C,0
13,5,B,0
13,5,C,1
13,10,A,1
13,7,A,1
13,7,B,1
13,5,C,0
13,5,B,0
13,10,B,1
13,5,A,0
13,10,A,1
13,7,B,1
13,5,B,1
13,10,B,1
13,10,A,1
13,10,C,1
13,5,C,0
14,3,B,0
14,5,A,0
14,5,B,0
14,5,C,1
14,3,C,0
14,4,C,1
14,3,A,1
14,5,A,1
14,3,A,1
14,4,A,0
14,3,A,0
14,5,A,1
14,5,B,1
14,4,A,1
14,3,B,1
14,5,A,1
14,3,A,0
14,5,A,1
14,3,B,0
14,4,B,1
14,4,B,1
14,3,A,0
14,5,A,1
14,5,C,1
14,5,C,1
14,3,A,1
14,4,A,1
14,4,A,1
14,3,A,0
14,5,B,0
14,5,C,1
14,4,A,1
14,4,A,1
14,5,C,1
14,4,C,1
14,5,B,1
14,5,A,1
14,5,B,1
14,4,A,1
14,5,C,0
15,5,A,0
15,9,A,1
15,10,A,1
15,9,A,1
15,5,B,1
15,10,B,1
15,5,C,1
15,2,B,1
15,9,B,1
15,10,A,1
15,9,A,1
15,10,A,1
15,2,B,1
15,10,C,1
15,10,A,1
15,5,A,1
15,2,B,1
15,5,A,1
15,5,B,0
15,2,A,0
15,2,B,0
15,5,A,1
15,9,A,1
15,5,A,1
15,2,B,1
15,2,A,1
15,9,C,1
15,9,B,1
15,5,A,1
15,9,A,0
15,9,B,1
15,5,C,1
15,5,C,1
15,2,B,0
15,5,B,1
15,2,A,1
15,5,C,1
15,10,A,1
15,9,A,1
15,9,A,1
15,2,A,1
15,2,A,1
15,2,B,0
15,5,C,0
15,5,B,1
15,10,B,1
15,5,A,1
15,9,A,1
15,10,A,1
15,5,B,1
15,2,C,0
15,10,B,0
15,10,A,1
15,2,A,1
15,10,C,1
15,5,C,1
16,3,B,1
16,9,A,1
16,6,A,1
16,9,A,1
16,6,A,0
16,7,B,1
16,6,B,0
16,2,B,0
16,9,B,1
16,3,C,1
16,9,A,1
16,7,A,1
16,7,A,1
16,7,C,0
16,6,A,0
16,6,A,1
16,3,A,0
16,2,B,0
16,7,A,1
16,3,A,1
16,3,A,0
16,2,B,1
16,2,A,0
16,2,B,0
16,3,B,1
16,3,A,0
16,9,A,1
16,2,B,0
16,6,B,0
16,3,B,0
16,2,A,0
16,9,C,1
16,7,C,1
16,3,A,0
16,9,B,1
16,9,A,1
16,9,B,1
16,7,A,0
16,3,A,1
16,7,B,1
16,2,B,0
16,3,A,1
16,7,C,1
16,2,A,0
16,9,A,1
16,9,A,1
16,2,A,1
16,2,A,1
16,7,A,1
16,7,B,1
16,2,B,1
16,6,C,0
16,6,A,1
16,9,A,1
16,7,B,1
16,2,C,1
16,2,A,1
16,6,A,0
16,6,A,0
17,9,A,1
17,10,A,1
17,9,A,1
17,10,B,1
17,2,B,0
17,9,B,1
17,10,A,1
17,9,A,1
17,10,A,1
17,2,B,0
17,10,C,1
17,10,A,1
17,2,B,0
17,2,A,0
17,2,B,1
17,9,A,1
17,2,B,0
17,2,A,0
17,9,C,0
17,9,B,1
17,9,A,1
17,9,B,1
17,2,B,0
17,2,A,1
17,10,A,1
17,9,A,1
17,9,A,1
17,2,A,1
17,2,A,0
17,2,B,0
17,10,B,1
17,9,A,1
17,10,A,1
17,2,C,1
17,10,B,1
17,10,A,1
17,2,A,0
17,10,C,1
18,3,B,1
18,9,A,1
18,10,A,1
18,6,A,0
18,9,A,1
18,6,A,0
18,10,B,1
18,6,B,1
18,9,B,1
18,3,C,0
18,10,A,1
18,9,A,1
18,10,A,1
18,6,A,0
18,6,A,0
18,3,A,0
18,10,C,1
18,10,A,1
18,3,A,0
18,3,A,0
18,3,B,0
18,3,A,1
18,9,A,1
18,6,B,0
18,3,B,0
18,9,C,0
18,3,A,1
18,9,B,1
18,9,A,1
18,9,B,1
18,3,A,1
18,3,A,0
18,10,A,1
18,9,A,1
18,9,A,1
18,6,C,1
18,6,A,1
18,10,B,0
18,9,A,1
18,10,A,1
18,10,B,1
18,10,A,0
18,6,A,0
18,10,C,0
18,6,A,1
19,8,A,0
19,1,C,1
19,2,B,1
19,1,B,1
19,4,C,1
19,8,A,1
19,2,B,1
19,8,A,1
19,1,A,1
19,8,B,1
19,4,A,1
19,2,B,1
19,4,A,1
19,2,A,1
19,2,B,1
19,1,B,1
19,8,C,0
19,2,B,1
19,2,A,1
19,8,B,1
19,4,B,1
19,1,A,1
19,4,B,1
19,8,C,1
19,8,A,1
19,8,C,1
19,1,B,1
19,4,A,1
19,4,A,1
19,2,B,1
19,8,B,1
19,2,A,1
19,2,A,1
19,2,A,1
19,4,A,1
19,4,A,1
19,2,B,1
19,8,A,1
19,1,A,1
19,4,C,1
19,2,C,1
19,4,A,1
19,1,B,1
19,8,A,1
19,2,A,1
20,8,A,0
20,5,A,0
20,9,A,1
20,10,A,1
20,9,A,1
20,5,B,0
20,10,B,1
20,5,C,0
20,7,B,1
20,9,B,1
20,4,C,0
20,10,A,1
20,9,A,1
20,7,A,1
20,7,A,1
20,10,A,1
20,7,C,0
20,8,A,1
20,10,C,0
20,10,A,1
20,7,A,1
20,8,A,0
20,5,A,0
20,8,B,0
20,4,A,1
20,5,A,1
20,5,B,1
20,4,A,1
20,5,A,0
20,9,A,1
20,5,A,1
20,8,C,0
20,8,B,0
20,9,C,1
20,4,B,1
20,7,C,1
20,4,B,1
20,9,B,1
20,5,A,0
20,9,A,1
20,9,B,0
20,8,C,0
20,5,C,0
20,8,A,1
20,7,A,1
20,8,C,0
20,5,C,1
20,4,A,1
20,7,B,1
20,4,A,1
20,7,C,0
20,5,B,0
20,8,B,1
20,5,C,0
20,10,A,1
20,9,A,1
20,9,A,1
20,7,A,0
20,4,A,1
20,7,B,0
20,4,A,1
20,8,A,1
20,5,C,1
20,4,C,0
20,5,B,0
20,10,B,1
20,5,A,0
20,9,A,1
20,10,A,1
20,7,B,1
20,5,B,1
20,10,B,1
20,4,A,1
20,10,A,1
20,8,A,0
20,10,C,1
20,5,C,1
21,3,B,1
21,8,A,1
21,6,A,0
21,6,A,0
21,7,B,1
21,6,B,0
21,2,B,0
21,3,C,0
21,4,C,1
21,7,A,1
21,7,A,1
21,7,C,0
21,8,A,0
21,6,A,0
21,6,A,0
21,3,A,0
21,2,B,0
21,7,A,1
21,8,A,0
21,8,B,0
21,3,A,0
21,4,A,1
21,3,A,0
21,2,B,1
21,4,A,1
21,2,A,0
21,2,B,1
21,3,B,0
21,3,A,0
21,8,C,0
21,2,B,1
21,6,B,0
21,3,B,0
21,2,A,1
21,8,B,1
21,4,B,1
21,7,C,0
21,4,B,1
21,3,A,0
21,8,C,0
21,8,A,0
21,7,A,1
21,8,C,1
21,3,A,0
21,4,A,0
21,7,B,1
21,4,A,1
21,2,B,0
21,3,A,0
21,7,C,0
21,8,B,1
21,2,A,0
21,2,A,0
21,2,A,0
21,7,A,1
21,4,A,1
21,7,B,1
21,4,A,1
21,2,B,1
21,8,A,0
21,6,C,0
21,6,A,0
21,4,C,1
21,7,B,1
21,2,C,0
21,4,A,1
21,8,A,1
21,2,A,0
21,6,A,1
21,6,A,0
22,5,A,1
22,9,A,1
22,6,A,0
22,9,A,1
22,6,A,0
22,5,B,1
22,5,C,0
22,7,B,1
22,6,B,0
22,2,B,0
22,9,B,1
22,4,C,1
22,9,A,1
22,7,A,1
22,7,A,1
22,7,C,1
22,6,A,0
22,6,A,0
22,2,B,0
22,7,A,1
22,5,A,1
22,4,A,1
22,2,B,1
22,5,A,0
22,5,B,0
22,4,A,1
22,2,A,1
22,2,B,1
22,5,A,1
22,9,A,1
22,5,A,1
22,2,B,0
22,6,B,1
22,2,A,0
22,9,C,1
22,4,B,1
22,7,C,0
22,4,B,1
22,9,B,0
22,5,A,1
22,9,A,1
22,9,B,1
22,5,C,0
22,7,A,1
22,5,C,1
22,4,A,0
22,7,B,1
22,4,A,1
22,2,B,0
22,7,C,1
22,5,B,1
22,2,A,0
22,5,C,1
22,9,A,1
22,9,A,1
22,2,A,0
22,2,A,1
22,7,A,1
22,4,A,1
22,7,B,0
22,4,A,1
22,2,B,0
22,5,C,0
22,6,C,0
22,6,A,0
22,4,C,1
22,5,B,1
22,5,A,0
22,9,A,1
22,7,B,0
22,5,B,1
22,2,C,0
22,4,A,1
22,2,A,1
22,6,A,0
22,6,A,1
22,5,C,1
23,3,B,1
23,8,A,1
23,5,A,1
23,1,C,0
23,5,B,1
23,5,C,0
23,2,B,1
23,3,C,0
23,1,B,0
23,8,A,0
23,3,A,0
23,2,B,1
23,8,A,1
23,1,A,1
23,5,A,1
23,8,B,1
23,3,A,0
23,3,A,0
23,2,B,0
23,5,A,1
23,5,B,0
23,2,A,0
23,2,B,0
23,3,B,0
23,5,A,1
23,3,A,0
23,1,B,1
23,5,A,1
23,8,C,1
23,2,B,1
23,3,B,0
23,2,A,0
23,8,B,0
23,1,A,1
23,3,A,1
23,5,A,1
23,8,C,1
23,5,C,1
23,8,A,1
23,8,C,0
23,1,B,0
23,5,C,1
23,3,A,1
23,2,B,1
23,3,A,1
23,5,B,1
23,8,B,1
23,2,A,0
23,5,C,0
23,2,A,1
23,2,A,0
23,2,B,0
23,8,A,1
23,1,A,1
23,5,C,1
23,5,B,1
23,5,A,1
23,5,B,1
23,2,C,0
23,1,B,1
23,8,A,1
23,2,A,1
23,5,C,0
24,8,A,1
24,9,A,1
24,10,A,1
24,1,C,1
24,6,A,0
24,9,A,0
24,6,A,0
24,10,B,1
24,6,B,0
24,2,B,1
24,9,B,1
24,1,B,0
24,10,A,1
24,9,A,1
24,10,A,1
24,8,A,1
24,6,A,0
24,6,A,0
24,2,B,0
24,10,C,1
24,10,A,1
24,8,A,1
24,1,A,1
24,8,B,1
24,2,B,0
24,2,A,1
24,2,B,0
24,9,A,1
24,1,B,1
24,8,C,0
24,2,B,1
24,6,B,0
24,2,A,0
24,8,B,1
24,9,C,0
24,1,A,1
24,9,B,1
24,9,A,1
24,9,B,1
24,8,C,1
24,8,A,1
24,8,C,0
24,1,B,1
24,2,B,1
24,8,B,1
24,2,A,0
24,10,A,1
24,9,A,1
24,9,A,1
24,2,A,1
24,2,A,0
24,2,B,0
24,8,A,0
24,1,A,1
24,6,C,0
24,6,A,1
24,10,B,1
24,9,A,1
24,10,A,1
24,2,C,1
24,10,B,1
24,1,B,1
24,10,A,1
24,8,A,1
24,2,A,0
24,6,A,0
24,10,C,1
24,6,A,0
25,9,A,1
25,10,A,1
25,9,A,1
25,10,B,0
25,7,B,1
25,2,B,0
25,9,B,1
25,10,A,1
25,9,A,1
25,7,A,1
25,7,A,1
25,10,A,1
25,7,C,1
25,2,B,0
25,10,C,0
25,10,A,1
25,7,A,1
25,2,B,0
25,2,A,1
25,2,B,1
25,9,A,1
25,2,B,0
25,2,A,0
25,9,C,1
25,7,C,1
25,9,B,1
25,9,A,0
25,9,B,1
25,7,A,1
25,7,B,1
25,2,B,0
25,7,C,1
25,2,A,1
25,10,A,1
25,9,A,1
25,9,A,1
25,2,A,0
25,2,A,0
25,7,A,1
25,7,B,1
25,2,B,1
25,10,B,1
25,9,A,0
25,10,A,1
25,7,B,1
25,2,C,0
25,10,B,1
25,10,A,1
25,2,A,1
25,10,C,1
26,5,A,1
26,9,A,1
26,6,A,1
26,9,A,1
26,6,A,0
26,5,B,0
26,5,C,1
26,6,B,1
26,9,B,0
26,4,C,1
26,9,A,1
26,6,A,0
26,6,A,1
26,5,A,1
26,4,A,1
26,5,A,1
26,5,B,1
26,4,A,1
26,5,A,1
26,9,A,1
26,5,A,1
26,6,B,0
26,9,C,1
26,4,B,1
26,4,B,0
26,9,B,0
26,5,A,1
26,9,A,1
26,9,B,1
26,5,C,0
26,5,C,1
26,4,A,1
26,4,A,1
26,5,B,0
26,5,C,1
26,9,A,1
26,9,A,1
26,4,A,0
26,4,A,1
26,5,C,1
26,6,C,0
26,6,A,1
26,4,C,0
26,5,B,0
26,5,A,0
26,9,A,1
26,5,B,0
26,4,A,1
26,6,A,0
26,6,A,1
26,5,C,0
27,1,C,1
27,6,A,0
27,6,A,1
27,6,B,0
27,1,B,1
27,4,C,1
27,6,A,0
27,6,A,1
27,1,A,1
27,4,A,1
27,4,A,1
27,1,B,1
27,6,B,0
27,4,B,1
27,1,A,1
27,4,B,1
27,1,B,1
27,4,A,1
27,4,A,0
27,4,A,1
27,4,A,1
27,1,A,1
27,6,C,0
27,6,A,0
27,4,C,1
27,4,A,1
27,1,B,1
27,6,A,1
27,6,A,0
28,8,A,0
28,2,B,1
28,4,C,1
28,8,A,0
28,2,B,1
28,8,A,1
28,8,B,1
28,4,A,1
28,2,B,1
28,4,A,1
28,2,A,1
28,2,B,1
28,8,C,1
28,2,B,0
28,2,A,1
28,8,B,0
28,4,B,1
28,4,B,1
28,8,C,0
28,8,A,1
28,8,C,0
28,4,A,1
28,4,A,1
28,2,B,1
28,8,B,1
28,2,A,0
28,2,A,0
28,2,A,1
28,4,A,1
28,4,A,1
28,2,B,1
28,8,A,1
28,4,C,0
28,2,C,0
28,4,A,1
28,8,A,0
28,2,A,1
29,5,A,1
29,5,B,1
29,5,C,1
29,5,A,1
29,5,A,1
29,5,B,1
29,5,A,1
29,5,A,1
29,5,A,1
29,5,C,1
29,5,C,1
29,5,B,0
29,5,C,1
29,5,C,1
29,5,B,1
29,5,A,1
29,5,B,1
29,5,C,1
30,3,B,1
30,8,A,0
30,10,A,1
30,10,B,1
30,2,B,0
30,3,C,1
30,10,A,1
30,10,A,1
30,8,A,1
30,3,A,1
30,2,B,0
30,10,C,1
30,10,A,1
30,8,A,0
30,8,B,1
30,3,A,1
30,3,A,1
30,2,B,0
30,2,A,0
30,2,B,1
30,3,B,1
30,3,A,1
30,8,C,0
30,2,B,0
30,3,B,1
30,2,A,1
30,8,B,1
30,3,A,1
30,8,C,1
30,8,A,1
30,8,C,1
30,3,A,1
30,2,B,0
30,3,A,1
30,8,B,1
30,2,A,1
30,10,A,1
30,2,A,1
30,2,A,1
30,2,B,1
30,8,A,1
30,10,B,1
30,10,A,1
30,2,C,1
30,10,B,1
30,10,A,1
30,8,A,1
30,2,A,1
30,10,C,1
31,8,A,1
31,5,A,0
31,10,A,1
31,1,C,1
31,5,B,1
31,10,B,1
31,5,C,1
31,2,B,1
31,1,B,0
31,4,C,1
31,10,A,1
31,10,A,1
31,8,A,1
31,2,B,0
31,10,C,1
31,10,A,0
31,8,A,1
31,1,A,0
31,5,A,1
31,8,B,1
31,4,A,1
31,2,B,0
31,5,A,1
31,5,B,1
31,4,A,1
31,2,A,0
31,2,B,0
31,5,A,0
31,1,B,1
31,5,A,1
31,8,C,0
31,2,B,1
31,2,A,1
31,8,B,0
31,4,B,1
31,1,A,0
31,4,B,1
31,5,A,1
31,8,C,1
31,5,C,1
31,8,A,1
31,8,C,1
31,1,B,1
31,5,C,1
31,4,A,1
31,4,A,0
31,2,B,0
31,5,B,1
31,8,B,1
31,2,A,1
31,5,C,1
31,10,A,0
31,2,A,1
31,2,A,1
31,4,A,1
31,4,A,1
31,2,B,1
31,8,A,1
31,1,A,1
31,5,C,1
31,4,C,1
31,5,B,1
31,10,B,1
31,5,A,1
31,10,A,1
31,5,B,1
31,2,C,0
31,10,B,1
31,4,A,1
31,1,B,1
31,10,A,1
31,8,A,1
31,2,A,1
31,10,C,1
31,5,C,0
32,9,A,0
32,9,A,1
32,9,B,1
32,9,A,1
32,9,A,1
32,9,C,1
32,9,B,1
32,9,A,1
32,9,B,1
32,9,A,1
32,9,A,1
32,9,A,1
33,3,B,0
33,7,B,0
33,3,C,1
33,7,A,1
33,7,A,1
33,7,C,1
33,3,A,0
33,7,A,1
33,3,A,0
33,3,A,1
33,3,B,1
33,3,A,1
33,3,B,0
33,7,C,1
33,3,A,1
33,7,A,1
33,3,A,1
33,7,B,1
33,3,A,1
33,7,C,1
33,7,A,1
33,7,B,1
33,7,B,1
34,7,B,1
34,2,B,0
34,4,C,1
34,7,A,1
34,7,A,1
34,7,C,1
34,2,B,0
34,7,A,1
34,4,A,1
34,2,B,0
34,4,A,1
34,2,A,1
34,2,B,0
34,2,B,0
34,2,A,0
34,4,B,1
34,7,C,1
34,4,B,1
34,7,A,1
34,4,A,1
34,7,B,1
34,4,A,1
34,2,B,1
34,7,C,1
34,2,A,0
34,2,A,1
34,2,A,1
34,7,A,1
34,4,A,1
34,7,B,1
34,4,A,1
34,2,B,0
34,4,C,1
34,7,B,1
34,2,C,1
34,4,A,1
34,2,A,0
35,3,B,0
35,10,A,1
35,6,A,0
35,6,A,0
35,10,B,1
35,7,B,1
35,6,B,0
35,2,B,0
35,3,C,1
35,10,A,1
35,7,A,1
35,7,A,1
35,10,A,1
35,7,C,1
35,6,A,1
35,6,A,0
35,3,A,1
35,2,B,0
35,10,C,1
35,10,A,1
35,7,A,1
35,3,A,1
35,3,A,1
35,2,B,1
35,2,A,0
35,2,B,0
35,3,B,0
35,3,A,0
35,2,B,0
35,6,B,1
35,3,B,0
35,2,A,1
35,7,C,1
35,3,A,1
35,7,A,1
35,3,A,1
35,7,B,1
35,2,B,0
35,3,A,1
35,7,C,0
35,2,A,1
35,10,A,1
35,2,A,1
35,2,A,1
35,7,A,1
35,7,B,1
35,2,B,0
35,6,C,0
35,6,A,1
35,10,B,0
35,10,A,1
35,7,B,1
35,2,C,0
35,10,B,1
35,10,A,1
35,2,A,0
35,6,A,1
35,10,C,1
35,6,A,1
36,9,A,1
36,10,A,1
36,1,C,1
36,9,A,1
36,10,B,1
36,7,B,1
36,9,B,1
36,1,B,1
36,4,C,1
36,10,A,1
36,9,A,1
36,7,A,1
36,7,A,1
36,10,A,1
36,7,C,1
36,10,C,1
36,10,A,1
36,7,A,0
36,1,A,1
36,4,A,1
36,4,A,1
36,9,A,1
36,1,B,0
36,9,C,1
36,4,B,1
36,7,C,1
36,1,A,1
36,4,B,1
36,9,B,1
36,9,A,1
36,9,B,1
36,7,A,1
36,1,B,1
36,4,A,1
36,7,B,1
36,4,A,1
36,7,C,1
36,10,A,0
36,9,A,1
36,9,A,1
36,7,A,1
36,4,A,1
36,7,B,1
36,4,A,1
36,1,A,1
36,4,C,1
36,10,B,1
36,9,A,0
36,10,A,1
36,7,B,1
36,10,B,1
36,4,A,1
36,1,B,1
36,10,A,1
36,10,C,1
37,3,B,0
37,8,A,1
37,5,A,1
37,9,A,1
37,6,A,0
37,9,A,1
37,6,A,1
37,5,B,1
37,5,C,0
37,6,B,1
37,2,B,1
37,9,B,1
37,3,C,0
37,4,C,0
37,9,A,1
37,8,A,1
37,6,A,1
37,6,A,1
37,3,A,0
37,2,B,0
37,8,A,1
37,5,A,1
37,8,B,0
37,3,A,1
37,4,A,1
37,3,A,0
37,2,B,0
37,5,A,0
37,5,B,0
37,4,A,0
37,2,A,1
37,2,B,0
37,3,B,0
37,5,A,0
37,3,A,1
37,9,A,1
37,5,A,0
37,8,C,0
37,2,B,0
37,6,B,0
37,3,B,0
37,2,A,1
37,8,B,1
37,9,C,1
37,4,B,1
37,4,B,0
37,3,A,0
37,9,B,1
37,5,A,1
37,9,A,1
37,9,B,1
37,8,C,0
37,5,C,1
37,8,A,1
37,8,C,1
37,5,C,1
37,3,A,1
37,4,A,1
37,4,A,1
37,2,B,1
37,3,A,1
37,5,B,0
37,8,B,1
37,2,A,1
37,5,C,0
37,9,A,1
37,9,A,1
37,2,A,0
37,2,A,0
37,4,A,1
37,4,A,1
37,2,B,0
37,8,A,1
37,5,C,1
37,6,C,0
37,6,A,0
37,4,C,1
37,5,B,1
37,5,A,1
37,9,A,1
37,5,B,1
37,2,C,0
37,4,A,1
37,8,A,1
37,2,A,1
37,6,A,1
37,6,A,0
37,5,C,1
38,9,A,1
38,6,A,0
38,9,A,1
38,6,A,1
38,6,B,0
38,2,B,0
38,9,B,1
38,4,C,1
38,9,A,1
38,6,A,0
38,6,A,1
38,2,B,0
38,4,A,1
38,2,B,0
38,4,A,1
38,2,A,0
38,2,B,1
38,9,A,1
38,2,B,0
38,6,B,1
38,2,A,0
38,9,C,1
38,4,B,0
38,4,B,1
38,9,B,1
38,9,A,1
38,9,B,1
38,4,A,1
38,4,A,1
38,2,B,1
38,2,A,1
38,9,A,1
38,9,A,0
38,2,A,1
38,2,A,1
38,4,A,1
38,4,A,1
38,2,B,0
38,6,C,0
38,6,A,0
38,4,C,1
38,9,A,1
38,2,C,0
38,4,A,1
38,2,A,1
38,6,A,0
38,6,A,0
39,3,B,1
39,3,C,1
39,4,C,1
39,3,A,0
39,3,A,1
39,4,A,1
39,3,A,1
39,4,A,1
39,3,B,0
39,3,A,0
39,3,B,1
39,4,B,1
39,4,B,1
39,3,A,1
39,3,A,0
39,4,A,1
39,4,A,1
39,3,A,1
39,4,A,1
39,4,A,1
39,4,C,1
39,4,A,1
40,3,B,1
40,8,A,1
40,1,C,0
40,6,A,1
40,6,A,1
40,6,B,0
40,3,C,1
40,1,B,1
40,8,A,0
40,6,A,1
40,6,A,0
40,3,A,1
40,8,A,0
40,1,A,1
40,8,B,1
40,3,A,1
40,3,A,0
40,3,B,1
40,3,A,1
40,1,B,1
40,8,C,1
40,6,B,1
40,3,B,1
40,8,B,0
40,1,A,1
40,3,A,1
40,8,C,1
40,8,A,0
40,8,C,1
40,1,B,1
40,3,A,0
40,3,A,0
40,8,B,0
40,8,A,1
40,1,A,1
40,6,C,0
40,6,A,0
40,1,B,1
40,8,A,0
40,6,A,0
40,6,A,1
41,3,B,1
41,8,A,1
41,1,C,1
41,7,B,1
41,2,B,0
41,3,C,0
41,1,B,1
41,7,A,1
41,7,A,1
41,7,C,1
41,8,A,1
41,3,A,1
41,2,B,1
41,7,A,1
41,8,A,1
41,1,A,1
41,8,B,1
41,3,A,1
41,3,A,1
41,2,B,1
41,2,A,0
41,2,B,0
41,3,B,1
41,3,A,1
41,1,B,1
41,8,C,0
41,2,B,1
41,3,B,0
41,2,A,1
41,8,B,1
41,7,C,1
41,1,A,1
41,3,A,0
41,8,C,1
41,8,A,1
41,7,A,1
41,8,C,1
41,1,B,1
41,3,A,1
41,7,B,1
41,2,B,1
41,3,A,1
41,7,C,1
41,8,B,0
41,2,A,0
41,2,A,0
41,2,A,1
41,7,A,1
41,7,B,1
41,2,B,0
41,8,A,1
41,1,A,1
41,7,B,1
41,2,C,1
41,1,B,1
41,8,A,1
41,2,A,1
42,5,A,1
42,5,B,1
42,5,C,1
42,2,B,0
42,2,B,1
42,5,A,1
42,2,B,1
42,5,A,1
42,5,B,1
42,2,A,1
42,2,B,1
42,5,A,1
42,5,A,1
42,2,B,1
42,2,A,0
42,5,A,1
42,5,C,1
42,5,C,1
42,2,B,1
42,5,B,1
42,2,A,1
42,5,C,1
42,2,A,1
42,2,A,1
42,2,B,0
42,5,C,1
42,5,B,1
42,5,A,0
42,5,B,1
42,2,C,0
42,2,A,1
42,5,C,0
43,3,B,1
43,5,A,1
43,6,A,1
43,6,A,1
43,5,B,0
43,5,C,1
43,6,B,1
43,2,B,1
43,3,C,1
43,6,A,0
43,6,A,0
43,3,A,1
43,2,B,1
43,5,A,1
43,3,A,1
43,3,A,1
43,2,B,1
43,5,A,1
43,5,B,1
43,2,A,0
43,2,B,1
43,3,B,1
43,5,A,1
43,3,A,0
43,5,A,0
43,2,B,0
43,6,B,0
43,3,B,1
43,2,A,0
43,3,A,1
43,5,A,1
43,5,C,1
43,5,C,1
43,3,A,1
43,2,B,1
43,3,A,1
43,5,B,1
43,2,A,0
43,5,C,1
43,2,A,0
43,2,A,0
43,2,B,0
43,5,C,0
43,6,C,0
43,6,A,1
43,5,B,1
43,5,A,0
43,5,B,1
43,2,C,1
43,2,A,1
43,6,A,0
43,6,A,1
43,5,C,1
44,3,B,0
44,8,A,1
44,1,C,1
44,3,C,1
44,1,B,1
44,8,A,1
44,3,A,0
44,8,A,1
44,1,A,1
44,8,B,1
44,3,A,1
44,3,A,1
44,3,B,1
44,3,A,1
44,1,B,1
44,8,C,1
44,3,B,1
44,8,B,0
44,1,A,1
44,3,A,0
44,8,C,1
44,8,A,1
44,8,C,0
44,1,B,1
44,3,A,1
44,3,A,1
44,8,B,0
44,8,A,1
44,1,A,1
44,1,B,1
44,8,A,0
45,9,A,0
45,9,A,1
45,9,B,1
45,4,C,1
45,9,A,1
45,4,A,1
45,4,A,1
45,9,A,1
45,9,C,1
45,4,B,1
45,4,B,1
45,9,B,1
45,9,A,1
45,9,B,1
45,4,A,1
45,4,A,1
45,9,A,1
45,9,A,1
45,4,A,1
45,4,A,1
45,4,C,1
45,9,A,1
45,4,A,1
46,8,A,1
46,5,A,1
46,6,A,0
46,6,A,0
46,5,B,0
46,5,C,1
46,6,B,0
46,4,C,1
46,8,A,1
46,6,A,0
46,6,A,0
46,8,A,1
46,5,A,1
46,8,B,0
46,4,A,1
46,5,A,0
46,5,B,1
46,4,A,1
46,5,A,1
46,5,A,1
46,8,C,0
46,6,B,0
46,8,B,1
46,4,B,1
46,4,B,1
46,5,A,1
46,8,C,0
46,5,C,0
46,8,A,1
46,8,C,1
46,5,C,0
46,4,A,1
46,4,A,1
46,5,B,1
46,8,B,1
46,5,C,0
46,4,A,1
46,4,A,1
46,8,A,1
46,5,C,1
46,6,C,0
46,6,A,1
46,4,C,1
46,5,B,1
46,5,A,0
46,5,B,1
46,4,A,1
46,8,A,1
46,6,A,1
46,6,A,0
46,5,C,1
47,1,C,0
47,2,B,0
47,1,B,1
47,2,B,1
47,1,A,1
47,2,B,1
47,2,A,1
47,2,B,0
47,1,B,1
47,2,B,0
47,2,A,0
47,1,A,1
47,1,B,0
47,2,B,0
47,2,A,0
47,2,A,0
47,2,A,0
47,2,B,1
47,1,A,1
47,2,C,0
47,1,B,1
47,2,A,0
48,8,A,1
48,7,B,1
48,2,B,1
48,7,A,1
48,7,A,1
48,7,C,1
48,8,A,0
48,2,B,0
48,7,A,1
48,8,A,1
48,8,B,1
48,2,B,1
48,2,A,1
48,2,B,1
48,8,C,1
48,2,B,0
48,2,A,1
48,8,B,1
48,7,C,1
48,8,C,1
48,8,A,0
48,7,A,1
48,8,C,0
48,7,B,1
48,2,B,0
48,7,C,0
48,8,B,1
48,2,A,1
48,2,A,0
48,2,A,0
48,7,A,1
48,7,B,1
48,2,B,1
48,8,A,1
48,7,B,1
48,2,C,1
48,8,A,1
48,2,A,1
49,7,B,0
49,4,C,1
49,7,A,1
49,7,A,1
49,7,C,1
49,7,A,1
49,4,A,1
49,4,A,1
49,4,B,1
49,7,C,0
49,4,B,1
49,7,A,1
49,4,A,1
49,7,B,0
49,4,A,1
49,7,C,1
49,7,A,1
49,4,A,1
49,7,B,1
49,4,A,1
49,4,C,1
49,7,B,1
49,4,A,1
50,3,B,0
50,5,A,0
50,9,A,1
50,10,A,1
50,9,A,0
50,5,B,1
50,10,B,1
50,5,C,0
50,2,B,0
50,9,B,1
50,3,C,0
50,10,A,1
50,9,A,1
50,10,A,1
50,3,A,0
50,2,B,1
50,10,C,1
50,10,A,1
50,5,A,0
50,3,A,1
50,3,A,0
50,2,B,1
50,5,A,1
50,5,B,0
50,2,A,0
50,2,B,0
50,3,B,0
50,5,A,1
50,3,A,0
50,9,A,1
50,5,A,1
50,2,B,0
50,3,B,0
50,2,A,1
50,9,C,1
50,3,A,0
50,9,B,1
50,5,A,0
50,9,A,1
50,9,B,1
50,5,C,0
50,5,C,1
50,3,A,1
50,2,B,1
50,3,A,1
50,5,B,1
50,2,A,1
50,5,C,0
50,10,A,1
50,9,A,1
50,9,A,1
50,2,A,1
50,2,A,1
50,2,B,1
50,5,C,1
50,5,B,0
50,10,B,1
50,5,A,0
50,9,A,1
50,10,A,1
50,5,B,1
50,2,C,0
50,10,B,1
50,10,A,1
50,2,A,1
50,10,C,1
50,5,C,0
