Y
-0.84
-0.35
2.34
0.11
0.19
2.57
0.69
-1.9
-1.03
-0.67
1.84
0.54
0.6
0.17
-0.83
2.68
0.75
-2.95
1.05
-0.71
-1.6
-0.33
-1.54
-1.09
-0.94
-2.53
1.26
0.23
-1.71
1.88
0.64
-0.44
1.34
1.32
1.23
1.03
0.83
-0.09
-0.46
-0.57
-1.04
-0.31
-1.9
3.25
1.81
-1.68
-0.6
-0.7
1.17
-0.13
0.38
-0.04
-0.06
2.05
-0.34
2.27
-2.32
0.88
0.19
0.32
6.84
4.89
5.27
3.76
3.64
6.67
6.99
6.12
8.03
10.51
4.92
0.92
8.21
4.44
4.49
8.26
5.37
3.31
6.4
5.69
6.01
6.85
5.18
7.42
5.51
6.73
8.41
6.96
5.28
8.53
8.19
7.21
6.53
4.62
8.99
4.68
10.81
9.37
5.48
3.74
