Y
9.44
9.77
11.56
10.07
10.13
11.72
10.46
8.73
9.31
9.55
11.22
10.36
10.4
10.11
9.44
11.79
10.5
8.03
10.7
9.53
8.93
9.78
8.97
9.27
9.37
8.31
10.84
10.15
8.86
11.25
10.43
9.7
10.9
10.88
17.23
17.03
16.83
15.91
15.54
15.43
14.96
15.69
14.1
19.25
17.81
14.32
15.4
15.3
17.17
15.87
16.38
15.96
15.94
18.05
20.8
22.36
19.61
21.53
21.11
21.19
21.34
20.55
20.7
20.08
20.04
21.27
21.4
21.05
21.83
22.85
20.56
18.92
21.91
20.36
20.38
21.92
20.74
19.9
21.16
20.87
21.01
21.35
20.67
21.58
20.8
21.3
21.99
21.39
20.71
22.03
21.89
21.49
21.21
20.43
22.22
20.46
22.97
22.38
20.79
20.08
20.36
21.23
20.78
20.69
20.14
20.96
20.29
19.5
20.66
21.83
20.48
21.55
19.54
20.95
21.47
21.27
21.1
20.42
20.24
20.08
21.11
20.15
20.56
20.77
22.66
20.41
21.21
21.07
20.13
20.94
22.3
21.41
21.04
20.62
22.24
25.74
22.89
25.31
26.6
22.91
25.27
24.21
22.77
22.83
22.74
23.92
22.89
25.26
26.81
23.08
25.37
25.35
24.87
23.39
24.37
24.19
25.12
24.09
25.57
24.09
25.66
23.35
23.11
28.07
24.04
24.83
25.2
23.97
25.07
24.91
24.26
24.57
24.46
26.84
30.15
29.26
32.09
32.78
33.09
30.85
29.34
35.16
31.13
29.84
31.41
31.51
34.77
32.21
33.89
30.75
32.54
31.19
32.24
29.76
28.72
36.99
33.5
28.87
30.47
29.04
